DAY HR    LAT     LON TEST00100
  9  8  30.28 -123.63  0.50E-13
  9  8  30.33 -123.63  0.40E-13
  9  8  30.33 -123.58  0.10E-13
  9  8  30.38 -123.58  0.30E-13
  9  8  30.28 -123.43  0.60E-13
  9  8  30.03 -123.08  0.10E-13
  9  8  30.08 -123.08  0.30E-13
  9  8  30.33 -122.93  0.40E-13
  9  8  29.93 -122.88  0.10E-13
  9  8  30.38 -122.88  0.40E-13
  9  8  30.03 -122.83  0.40E-13
  9  8  30.23 -122.83  0.30E-13
  9  8  30.13 -122.78  0.10E-13
  9  8  30.53 -122.78  0.30E-13
  9  8  30.58 -122.78  0.50E-13
  9  8  30.63 -122.78  0.20E-13
  9  8  30.18 -122.73  0.20E-13
  9  8  30.23 -122.73  0.30E-13
  9  8  30.68 -122.73  0.10E-13
  9  8  30.73 -122.73  0.10E-13
  9  8  29.78 -122.63  0.99E-14
  9  8  30.23 -122.63  0.20E-13
  9  8  29.83 -122.58  0.40E-13
  9  8  29.88 -122.58  0.99E-14
  9  8  29.88 -122.53  0.40E-13
  9  8  29.93 -122.53  0.10E-13
  9  8  29.68 -122.48  0.50E-13
  9  8  29.73 -122.48  0.99E-14
  9  8  30.43 -122.48  0.20E-13
  9  8  30.48 -122.48  0.30E-13
  9  8  30.53 -122.48  0.20E-13
  9  8  29.73 -122.43  0.40E-13
  9  8  29.78 -122.43  0.40E-13
  9  8  29.78 -122.38  0.99E-14
  9  8  29.83 -122.38  0.99E-14
  9  8  30.03 -122.38  0.20E-13
  9  8  30.08 -122.33  0.10E-13
  9  8  29.73 -122.23  0.20E-13
  9  8  29.78 -122.23  0.50E-13
  9  8  29.93 -122.23  0.30E-13
  9  8  29.98 -122.23  0.10E-13
  9  8  29.43 -122.18  0.20E-13
  9  8  29.73 -122.18  0.40E-13
  9  8  29.78 -122.18  0.30E-13
  9  8  29.98 -122.18  0.10E-13
  9  8  30.03 -122.18  0.40E-13
  9  8  30.08 -122.18  0.20E-13
  9  8  29.48 -122.13  0.30E-13
  9  8  29.53 -122.13  0.20E-13
  9  8  29.78 -122.13  0.99E-14
  9  8  29.83 -122.13  0.30E-13
  9  8  29.88 -122.13  0.20E-13
  9  8  30.08 -122.13  0.10E-13
  9  8  29.53 -122.08  0.99E-14
  9  8  29.58 -122.08  0.40E-13
  9  8  29.63 -122.08  0.40E-13
  9  8  29.68 -122.08  0.30E-13
  9  8  30.08 -122.08  0.10E-13
  9  8  29.68 -122.03  0.99E-14
  9  8  29.73 -122.03  0.99E-14
  9  8  30.13 -122.03  0.30E-13
  9  8  30.18 -122.03  0.30E-13
  9  8  29.83 -121.98  0.99E-14
  9  8  30.18 -121.98  0.20E-13
  9  8  29.68 -121.93  0.99E-14
  9  8  29.48 -121.88  0.20E-13
  9  8  29.53 -121.88  0.40E-13
  9  8  29.58 -121.88  0.20E-13
  9  8  29.93 -121.88  0.30E-13
  9  8  29.98 -121.83  0.10E-13
  9  8  30.03 -121.83  0.40E-13
  9  8  29.78 -121.78  0.20E-13
  9  8  29.83 -121.78  0.30E-13
  9  8  29.93 -121.73  0.10E-13
  9  8  29.63 -121.68  0.50E-13
  9  8  29.68 -121.68  0.40E-13
  9  8  29.38 -121.63  0.99E-14
  9  8  29.43 -121.63  0.20E-13
  9  8  29.68 -121.63  0.99E-14
  9  8  29.78 -121.63  0.30E-13
  9  8  29.93 -121.63  0.10E-13
  9  8  29.43 -121.58  0.20E-13
  9  8  29.48 -121.58  0.50E-13
  9  8  29.53 -121.58  0.20E-13
  9  8  29.68 -121.53  0.20E-13
  9  8  29.38 -121.48  0.99E-14
  9  8  29.48 -121.48  0.30E-13
  9  8  29.83 -121.48  0.20E-13
  9  8  29.98 -121.48  0.20E-13
  9  8  30.03 -121.48  0.50E-13
  9  8  30.08 -121.48  0.20E-13
  9  8  30.28 -121.48  0.20E-13
  9  8  29.38 -121.43  0.99E-14
  9  8  29.43 -121.43  0.40E-13
  9  8  29.48 -121.43  0.30E-13
  9  8  29.53 -121.43  0.40E-13
  9  8  30.08 -121.43  0.10E-13
  9  8  29.68 -121.38  0.30E-13
  9  8  29.28 -121.33  0.20E-13
  9  8  29.33 -121.33  0.20E-13
  9  8  29.38 -121.33  0.99E-14
  9  8  29.88 -121.33  0.20E-13
  9  8  29.93 -121.33  0.40E-13
  9  8  29.98 -121.33  0.30E-13
  9  8  30.03 -121.33  0.10E-13
  9  8  29.48 -121.28  0.20E-13
  9  8  29.53 -121.28  0.40E-13
  9  8  29.58 -121.28  0.69E-13
  9  8  29.63 -121.28  0.20E-13
  9  8  29.78 -121.28  0.30E-13
  9  8  29.73 -121.23  0.99E-14
  9  8  29.78 -121.23  0.99E-14
  9  8  29.88 -121.23  0.20E-13
  9  8  29.93 -121.23  0.20E-13
  9  8  29.28 -121.18  0.99E-14
  9  8  29.63 -121.18  0.20E-13
  9  8  29.68 -121.18  0.40E-13
  9  8  29.73 -121.18  0.99E-14
  9  8  29.83 -121.18  0.20E-13
  9  8  29.88 -121.18  0.50E-13
  9  8  29.93 -121.18  0.20E-13
  9  8  29.28 -121.13  0.30E-13
  9  8  29.33 -121.13  0.40E-13
  9  8  29.38 -121.13  0.49E-13
  9  8  29.68 -121.13  0.20E-13
  9  8  29.73 -121.13  0.40E-13
  9  8  29.78 -121.13  0.20E-13
  9  8  29.83 -121.13  0.30E-13
  9  8  29.38 -121.08  0.99E-14
  9  8  29.58 -121.08  0.30E-13
  9  8  29.68 -121.08  0.99E-14
  9  8  29.73 -121.08  0.20E-13
  9  8  29.43 -121.03  0.99E-14
  9  8  29.48 -121.03  0.20E-13
  9  8  29.63 -121.03  0.40E-13
  9  8  29.68 -121.03  0.99E-14
  9  8  30.03 -121.03  0.20E-13
  9  8  29.58 -120.98  0.99E-14
  9  8  29.83 -120.98  0.99E-14
  9  8  29.88 -120.98  0.20E-13
  9  8  29.93 -120.98  0.20E-13
  9  8  29.63 -120.93  0.30E-13
  9  8  29.68 -120.93  0.20E-13
  9  8  29.78 -120.93  0.20E-13
  9  8  29.83 -120.93  0.30E-13
  9  8  29.98 -120.93  0.10E-13
  9  8  30.03 -120.93  0.30E-13
  9  8  29.68 -120.88  0.20E-13
  9  8  29.73 -120.88  0.70E-13
  9  8  29.78 -120.88  0.40E-13
  9  8  29.83 -120.88  0.20E-13
  9  8  29.88 -120.88  0.20E-13
  9  8  29.58 -120.83  0.99E-14
  9  8  29.63 -120.83  0.40E-13
  9  8  29.68 -120.83  0.40E-13
  9  8  29.73 -120.83  0.20E-13
  9  8  29.78 -120.83  0.99E-14
  9  8  29.83 -120.83  0.30E-13
  9  8  29.88 -120.83  0.10E-13
  9  8  30.03 -120.83  0.20E-13
  9  8  30.08 -120.83  0.40E-13
  9  8  29.43 -120.78  0.40E-13
  9  8  29.53 -120.78  0.30E-13
  9  8  29.58 -120.78  0.20E-13
  9  8  29.63 -120.78  0.40E-13
  9  8  29.68 -120.78  0.40E-13
  9  8  29.73 -120.78  0.20E-13
  9  8  29.78 -120.78  0.20E-13
  9  8  29.83 -120.78  0.99E-14
  9  8  29.88 -120.78  0.20E-13
  9  8  29.93 -120.78  0.50E-13
  9  8  29.98 -120.78  0.10E-13
  9  8  29.28 -120.73  0.49E-13
  9  8  29.43 -120.73  0.99E-14
  9  8  29.48 -120.73  0.99E-14
  9  8  29.73 -120.73  0.20E-13
  9  8  29.78 -120.73  0.99E-14
  9  8  29.38 -120.68  0.99E-14
  9  8  29.58 -120.68  0.99E-14
  9  8  29.63 -120.68  0.99E-14
  9  8  29.68 -120.68  0.30E-13
  9  8  30.33 -120.68  0.20E-13
  9  8  30.38 -120.68  0.30E-13
  9  8  30.43 -120.68  0.20E-13
  9  8  29.53 -120.63  0.30E-13
  9  8  29.58 -120.63  0.30E-13
  9  8  29.63 -120.63  0.20E-13
  9  8  29.68 -120.63  0.99E-14
  9  8  29.73 -120.63  0.20E-13
  9  8  29.68 -120.58  0.30E-13
  9  8  29.73 -120.58  0.20E-13
  9  8  29.78 -120.58  0.20E-13
  9  8  29.88 -120.58  0.90E-13
  9  8  29.93 -120.58  0.90E-13
  9  8  29.98 -120.58  0.50E-13
  9  8  30.03 -120.58  0.10E-13
  9  8  30.23 -120.58  0.20E-13
  9  8  30.28 -120.58  0.40E-13
  9  8  30.33 -120.58  0.20E-13
  9  8  29.23 -120.53  0.99E-14
  9  8  29.28 -120.53  0.20E-13
  9  8  29.33 -120.53  0.20E-13
  9  8  29.38 -120.53  0.40E-13
  9  8  29.43 -120.53  0.30E-13
  9  8  29.48 -120.53  0.30E-13
  9  8  29.53 -120.53  0.40E-13
  9  8  29.63 -120.53  0.30E-13
  9  8  29.68 -120.53  0.60E-13
  9  8  29.73 -120.53  0.70E-13
  9  8  29.78 -120.53  0.99E-13
  9  8  29.83 -120.53  0.50E-13
  9  8  29.88 -120.53  0.20E-13
  9  8  29.93 -120.53  0.30E-13
  9  8  29.28 -120.48  0.99E-14
  9  8  29.33 -120.48  0.30E-13
  9  8  29.38 -120.48  0.30E-13
  9  8  29.43 -120.48  0.20E-13
  9  8  29.48 -120.48  0.99E-14
  9  8  29.83 -120.48  0.99E-14
  9  8  29.28 -120.43  0.99E-14
  9  8  29.33 -120.43  0.99E-14
  9  8  29.53 -120.43  0.20E-13
  9  8  29.58 -120.43  0.40E-13
  9  8  29.63 -120.43  0.40E-13
  9  8  29.68 -120.43  0.99E-14
  9  8  29.73 -120.43  0.20E-13
  9  8  29.78 -120.43  0.60E-13
  9  8  29.83 -120.43  0.40E-13
  9  8  29.88 -120.43  0.40E-13
  9  8  29.93 -120.43  0.30E-13
  9  8  29.98 -120.43  0.10E-13
  9  8  30.03 -120.43  0.40E-13
  9  8  30.08 -120.43  0.40E-13
  9  8  29.33 -120.38  0.30E-13
  9  8  29.38 -120.38  0.40E-13
  9  8  29.43 -120.38  0.30E-13
  9  8  29.48 -120.38  0.20E-13
  9  8  29.53 -120.38  0.99E-14
  9  8  29.58 -120.38  0.99E-14
  9  8  29.63 -120.38  0.40E-13
  9  8  29.68 -120.38  0.30E-13
  9  8  29.73 -120.38  0.20E-13
  9  8  29.88 -120.38  0.99E-14
  9  8  29.93 -120.38  0.40E-13
  9  8  29.98 -120.38  0.70E-13
  9  8  30.03 -120.38  0.20E-13
  9  8  30.08 -120.38  0.10E-13
  9  8  30.13 -120.38  0.10E-13
  9  8  30.18 -120.38  0.70E-13
  9  8  30.23 -120.38  0.60E-13
  9  8  30.28 -120.38  0.30E-13
  9  8  30.33 -120.38  0.20E-13
  9  8  29.28 -120.33  0.20E-13
  9  8  29.48 -120.33  0.99E-14
  9  8  29.53 -120.33  0.30E-13
  9  8  29.58 -120.33  0.40E-13
  9  8  29.63 -120.33  0.50E-13
  9  8  29.68 -120.33  0.40E-13
  9  8  29.73 -120.33  0.50E-13
  9  8  29.78 -120.33  0.20E-13
  9  8  29.83 -120.33  0.30E-13
  9  8  29.88 -120.33  0.10E-13
  9  8  29.93 -120.33  0.20E-13
  9  8  29.98 -120.33  0.20E-13
  9  8  30.03 -120.33  0.30E-13
  9  8  30.08 -120.33  0.50E-13
  9  8  30.13 -120.33  0.30E-13
  9  8  30.18 -120.33  0.10E-13
  9  8  29.08 -120.28  0.20E-13
  9  8  29.33 -120.28  0.99E-14
  9  8  29.38 -120.28  0.40E-13
  9  8  29.43 -120.28  0.20E-13
  9  8  29.48 -120.28  0.59E-13
  9  8  29.53 -120.28  0.50E-13
  9  8  29.58 -120.28  0.69E-13
  9  8  29.63 -120.28  0.69E-13
  9  8  29.73 -120.28  0.20E-13
  9  8  29.78 -120.28  0.50E-13
  9  8  29.83 -120.28  0.40E-13
  9  8  29.88 -120.28  0.30E-13
  9  8  29.93 -120.28  0.30E-13
  9  8  30.03 -120.28  0.10E-13
  9  8  30.28 -120.28  0.10E-13
  9  8  30.33 -120.28  0.20E-13
  9  8  29.23 -120.23  0.99E-14
  9  8  29.38 -120.23  0.20E-13
  9  8  29.43 -120.23  0.69E-13
  9  8  29.48 -120.23  0.79E-13
  9  8  29.53 -120.23  0.50E-13
  9  8  29.58 -120.23  0.79E-13
  9  8  29.63 -120.23  0.11E-12
  9  8  29.68 -120.23  0.40E-13
  9  8  29.73 -120.23  0.40E-13
  9  8  29.78 -120.23  0.99E-14
  9  8  29.83 -120.23  0.40E-13
  9  8  29.88 -120.23  0.70E-13
  9  8  29.98 -120.23  0.10E-13
  9  8  30.28 -120.23  0.20E-13
  9  8  28.93 -120.18  0.20E-13
  9  8  29.13 -120.18  0.20E-13
  9  8  29.18 -120.18  0.99E-14
  9  8  29.23 -120.18  0.99E-14
  9  8  29.28 -120.18  0.20E-13
  9  8  29.33 -120.18  0.30E-13
  9  8  29.38 -120.18  0.30E-13
  9  8  29.43 -120.18  0.20E-13
  9  8  29.48 -120.18  0.30E-13
  9  8  29.53 -120.18  0.59E-13
  9  8  29.58 -120.18  0.79E-13
  9  8  29.63 -120.18  0.69E-13
  9  8  29.68 -120.18  0.40E-13
  9  8  29.73 -120.18  0.50E-13
  9  8  29.78 -120.18  0.99E-14
  9  8  29.93 -120.18  0.20E-13
  9  8  29.33 -120.13  0.20E-13
  9  8  29.38 -120.13  0.20E-13
  9  8  29.48 -120.13  0.99E-14
  9  8  29.53 -120.13  0.99E-14
  9  8  29.58 -120.13  0.40E-13
  9  8  29.63 -120.13  0.40E-13
  9  8  29.68 -120.13  0.50E-13
  9  8  29.73 -120.13  0.30E-13
  9  8  29.78 -120.13  0.89E-13
  9  8  29.83 -120.13  0.40E-13
  9  8  29.88 -120.13  0.50E-13
  9  8  29.93 -120.13  0.70E-13
  9  8  29.98 -120.13  0.40E-13
  9  8  30.03 -120.13  0.50E-13
  9  8  30.08 -120.13  0.20E-13
  9  8  30.18 -120.13  0.40E-13
  9  8  30.23 -120.13  0.20E-13
  9  8  29.08 -120.08  0.20E-13
  9  8  29.13 -120.08  0.20E-13
  9  8  29.18 -120.08  0.20E-13
  9  8  29.33 -120.08  0.99E-14
  9  8  29.38 -120.08  0.20E-13
  9  8  29.53 -120.08  0.30E-13
  9  8  29.58 -120.08  0.40E-13
  9  8  29.63 -120.08  0.60E-13
  9  8  29.68 -120.08  0.50E-13
  9  8  29.73 -120.08  0.70E-13
  9  8  29.78 -120.08  0.80E-13
  9  8  29.83 -120.08  0.40E-13
  9  8  29.88 -120.08  0.40E-13
  9  8  29.93 -120.08  0.30E-13
  9  8  29.98 -120.08  0.11E-12
  9  8  30.03 -120.08  0.80E-13
  9  8  30.08 -120.08  0.10E-13
  9  8  30.13 -120.08  0.30E-13
  9  8  30.23 -120.08  0.20E-13
  9  8  30.28 -120.08  0.40E-13
  9  8  30.33 -120.08  0.20E-13
  9  8  30.43 -120.08  0.10E-13
  9  8  30.48 -120.08  0.10E-13
  9  8  29.33 -120.03  0.99E-14
  9  8  29.38 -120.03  0.30E-13
  9  8  29.43 -120.03  0.30E-13
  9  8  29.48 -120.03  0.40E-13
  9  8  29.53 -120.03  0.40E-13
  9  8  29.58 -120.03  0.79E-13
  9  8  29.63 -120.03  0.20E-13
  9  8  29.68 -120.03  0.70E-13
  9  8  29.73 -120.03  0.99E-13
  9  8  29.78 -120.03  0.60E-13
  9  8  29.83 -120.03  0.99E-14
  9  8  29.88 -120.03  0.10E-13
  9  8  29.93 -120.03  0.10E-13
  9  8  29.98 -120.03  0.40E-13
  9  8  30.03 -120.03  0.70E-13
  9  8  30.08 -120.03  0.40E-13
  9  8  30.13 -120.03  0.70E-13
  9  8  30.18 -120.03  0.60E-13
  9  8  30.23 -120.03  0.20E-13
  9  8  30.38 -120.03  0.30E-13
  9  8  30.43 -120.03  0.20E-13
  9  8  29.43 -119.98  0.99E-14
  9  8  29.53 -119.98  0.50E-13
  9  8  29.58 -119.98  0.60E-13
  9  8  29.63 -119.98  0.69E-13
  9  8  29.68 -119.98  0.69E-13
  9  8  29.73 -119.98  0.40E-13
  9  8  29.78 -119.98  0.40E-13
  9  8  29.83 -119.98  0.30E-13
  9  8  29.88 -119.98  0.30E-13
  9  8  29.93 -119.98  0.30E-13
  9  8  29.98 -119.98  0.80E-13
  9  8  30.03 -119.98  0.50E-13
  9  8  30.08 -119.98  0.10E-13
  9  8  30.23 -119.98  0.10E-13
  9  8  29.38 -119.93  0.99E-14
  9  8  29.43 -119.93  0.20E-13
  9  8  29.53 -119.93  0.20E-13
  9  8  29.58 -119.93  0.60E-13
  9  8  29.63 -119.93  0.15E-12
  9  8  29.68 -119.93  0.99E-13
  9  8  29.73 -119.93  0.89E-13
  9  8  29.78 -119.93  0.89E-13
  9  8  29.83 -119.93  0.70E-13
  9  8  29.88 -119.93  0.60E-13
  9  8  29.93 -119.93  0.90E-13
  9  8  29.98 -119.93  0.12E-12
  9  8  30.03 -119.93  0.60E-13
  9  8  30.08 -119.93  0.40E-13
  9  8  30.13 -119.93  0.50E-13
  9  8  30.18 -119.93  0.10E-13
  9  8  30.28 -119.93  0.50E-13
  9  8  30.33 -119.93  0.50E-13
  9  8  30.38 -119.93  0.40E-13
  9  8  30.43 -119.93  0.40E-13
  9  8  30.48 -119.93  0.30E-13
  9  8  29.18 -119.88  0.99E-14
  9  8  29.23 -119.88  0.30E-13
  9  8  29.28 -119.88  0.30E-13
  9  8  29.33 -119.88  0.20E-13
  9  8  29.43 -119.88  0.30E-13
  9  8  29.48 -119.88  0.30E-13
  9  8  29.53 -119.88  0.20E-13
  9  8  29.58 -119.88  0.89E-13
  9  8  29.63 -119.88  0.12E-12
  9  8  29.68 -119.88  0.12E-12
  9  8  29.73 -119.88  0.30E-13
  9  8  29.78 -119.88  0.70E-13
  9  8  29.83 -119.88  0.13E-12
  9  8  29.88 -119.88  0.11E-12
  9  8  29.93 -119.88  0.30E-13
  9  8  29.98 -119.88  0.80E-13
  9  8  30.03 -119.88  0.20E-13
  9  8  30.08 -119.88  0.40E-13
  9  8  30.33 -119.88  0.30E-13
  9  8  30.38 -119.88  0.10E-13
  9  8  30.43 -119.88  0.10E-13
  9  8  29.18 -119.83  0.99E-14
  9  8  29.43 -119.83  0.30E-13
  9  8  29.48 -119.83  0.99E-13
  9  8  29.53 -119.83  0.11E-12
  9  8  29.58 -119.83  0.99E-14
  9  8  29.63 -119.83  0.99E-14
  9  8  29.68 -119.83  0.79E-13
  9  8  29.73 -119.83  0.50E-13
  9  8  29.78 -119.83  0.80E-13
  9  8  29.83 -119.83  0.13E-12
  9  8  29.88 -119.83  0.70E-13
  9  8  29.93 -119.83  0.12E-12
  9  8  29.98 -119.83  0.15E-12
  9  8  30.03 -119.83  0.60E-13
  9  8  30.08 -119.83  0.30E-13
  9  8  30.13 -119.83  0.50E-13
  9  8  30.18 -119.83  0.10E-13
  9  8  30.23 -119.83  0.10E-13
  9  8  30.28 -119.83  0.20E-13
  9  8  30.33 -119.83  0.20E-13
  9  8  29.18 -119.78  0.99E-14
  9  8  29.38 -119.78  0.40E-13
  9  8  29.43 -119.78  0.59E-13
  9  8  29.48 -119.78  0.50E-13
  9  8  29.53 -119.78  0.20E-13
  9  8  29.58 -119.78  0.69E-13
  9  8  29.63 -119.78  0.79E-13
  9  8  29.68 -119.78  0.50E-13
  9  8  29.73 -119.78  0.19E-12
  9  8  29.78 -119.78  0.89E-13
  9  8  29.83 -119.78  0.40E-13
  9  8  29.88 -119.78  0.20E-13
  9  8  29.98 -119.78  0.10E-13
  9  8  30.03 -119.78  0.70E-13
  9  8  30.08 -119.78  0.30E-13
  9  8  30.13 -119.78  0.20E-13
  9  8  30.18 -119.78  0.20E-13
  9  8  30.23 -119.78  0.30E-13
  9  8  30.38 -119.78  0.10E-13
  9  8  30.43 -119.78  0.20E-13
  9  8  29.28 -119.73  0.20E-13
  9  8  29.48 -119.73  0.99E-14
  9  8  29.53 -119.73  0.20E-13
  9  8  29.58 -119.73  0.30E-13
  9  8  29.63 -119.73  0.11E-12
  9  8  29.68 -119.73  0.22E-12
  9  8  29.73 -119.73  0.12E-12
  9  8  29.78 -119.73  0.89E-13
  9  8  29.83 -119.73  0.15E-12
  9  8  29.88 -119.73  0.11E-12
  9  8  29.93 -119.73  0.70E-13
  9  8  29.98 -119.73  0.30E-13
  9  8  30.03 -119.73  0.60E-13
  9  8  30.08 -119.73  0.11E-12
  9  8  30.13 -119.73  0.16E-12
  9  8  30.18 -119.73  0.11E-12
  9  8  30.23 -119.73  0.40E-13
  9  8  30.28 -119.73  0.20E-13
  9  8  29.53 -119.68  0.40E-13
  9  8  29.58 -119.68  0.40E-13
  9  8  29.63 -119.68  0.60E-13
  9  8  29.68 -119.68  0.11E-12
  9  8  29.73 -119.68  0.14E-12
  9  8  29.78 -119.68  0.12E-12
  9  8  29.83 -119.68  0.15E-12
  9  8  29.88 -119.68  0.50E-13
  9  8  29.93 -119.68  0.50E-13
  9  8  29.98 -119.68  0.30E-13
  9  8  30.03 -119.68  0.50E-13
  9  8  30.08 -119.68  0.50E-13
  9  8  30.13 -119.68  0.40E-13
  9  8  30.18 -119.68  0.80E-13
  9  8  30.23 -119.68  0.20E-13
  9  8  29.33 -119.63  0.99E-14
  9  8  29.38 -119.63  0.20E-13
  9  8  29.43 -119.63  0.30E-13
  9  8  29.48 -119.63  0.30E-13
  9  8  29.58 -119.63  0.50E-13
  9  8  29.63 -119.63  0.50E-13
  9  8  29.68 -119.63  0.70E-13
  9  8  29.73 -119.63  0.21E-12
  9  8  29.78 -119.63  0.29E-12
  9  8  29.83 -119.63  0.22E-12
  9  8  29.88 -119.63  0.15E-12
  9  8  29.93 -119.63  0.15E-12
  9  8  29.98 -119.63  0.60E-13
  9  8  30.03 -119.63  0.10E-12
  9  8  30.08 -119.63  0.80E-13
  9  8  30.13 -119.63  0.30E-13
  9  8  30.18 -119.63  0.40E-13
  9  8  30.23 -119.63  0.10E-13
  9  8  30.33 -119.63  0.10E-13
  9  8  30.38 -119.63  0.10E-13
  9  8  30.43 -119.63  0.10E-13
  9  8  29.58 -119.58  0.40E-13
  9  8  29.63 -119.58  0.79E-13
  9  8  29.68 -119.58  0.79E-13
  9  8  29.73 -119.58  0.11E-12
  9  8  29.78 -119.58  0.13E-12
  9  8  29.83 -119.58  0.11E-12
  9  8  29.88 -119.58  0.99E-13
  9  8  29.93 -119.58  0.20E-12
  9  8  29.98 -119.58  0.16E-12
  9  8  30.03 -119.58  0.15E-12
  9  8  30.08 -119.58  0.60E-13
  9  8  30.13 -119.58  0.70E-13
  9  8  30.18 -119.58  0.50E-13
  9  8  30.23 -119.58  0.30E-13
  9  8  30.28 -119.58  0.10E-13
  9  8  30.38 -119.58  0.30E-13
  9  8  30.43 -119.58  0.30E-13
  9  8  30.53 -119.58  0.20E-13
  9  8  30.58 -119.58  0.20E-13
  9  8  30.63 -119.58  0.10E-13
  9  8  30.68 -119.58  0.10E-13
  9  8  29.53 -119.53  0.30E-13
  9  8  29.58 -119.53  0.79E-13
  9  8  29.63 -119.53  0.50E-13
  9  8  29.68 -119.53  0.99E-13
  9  8  29.73 -119.53  0.12E-12
  9  8  29.78 -119.53  0.11E-12
  9  8  29.83 -119.53  0.80E-13
  9  8  29.88 -119.53  0.15E-12
  9  8  29.93 -119.53  0.10E-12
  9  8  29.98 -119.53  0.10E-12
  9  8  30.03 -119.53  0.20E-13
  9  8  30.08 -119.53  0.70E-13
  9  8  30.13 -119.53  0.70E-13
  9  8  30.18 -119.53  0.30E-13
  9  8  30.23 -119.53  0.60E-13
  9  8  30.28 -119.53  0.50E-13
  9  8  30.33 -119.53  0.50E-13
  9  8  30.38 -119.53  0.40E-13
  9  8  30.43 -119.53  0.20E-13
  9  8  30.48 -119.53  0.60E-13
  9  8  30.53 -119.53  0.20E-13
  9  8  29.58 -119.48  0.20E-13
  9  8  29.68 -119.48  0.70E-13
  9  8  29.73 -119.48  0.50E-13
  9  8  29.78 -119.48  0.89E-13
  9  8  29.83 -119.48  0.12E-12
  9  8  29.88 -119.48  0.11E-12
  9  8  29.93 -119.48  0.20E-13
  9  8  29.98 -119.48  0.80E-13
  9  8  30.03 -119.48  0.11E-12
  9  8  30.08 -119.48  0.12E-12
  9  8  30.13 -119.48  0.80E-13
  9  8  30.18 -119.48  0.17E-12
  9  8  30.23 -119.48  0.10E-12
  9  8  30.28 -119.48  0.90E-13
  9  8  30.33 -119.48  0.80E-13
  9  8  30.38 -119.48  0.30E-13
  9  8  30.43 -119.48  0.50E-13
  9  8  30.48 -119.48  0.40E-13
  9  8  30.53 -119.48  0.10E-13
  9  8  29.63 -119.43  0.20E-13
  9  8  29.73 -119.43  0.89E-13
  9  8  29.78 -119.43  0.89E-13
  9  8  29.83 -119.43  0.50E-13
  9  8  29.88 -119.43  0.99E-13
  9  8  29.93 -119.43  0.17E-12
  9  8  29.98 -119.43  0.19E-12
  9  8  30.03 -119.43  0.17E-12
  9  8  30.08 -119.43  0.11E-12
  9  8  30.18 -119.43  0.30E-13
  9  8  30.23 -119.43  0.60E-13
  9  8  30.28 -119.43  0.40E-13
  9  8  30.33 -119.43  0.50E-13
  9  8  30.38 -119.43  0.30E-13
  9  8  30.43 -119.43  0.50E-13
  9  8  30.48 -119.43  0.10E-13
  9  8  29.63 -119.38  0.50E-13
  9  8  29.68 -119.38  0.13E-12
  9  8  29.73 -119.38  0.13E-12
  9  8  29.78 -119.38  0.15E-12
  9  8  29.83 -119.38  0.20E-12
  9  8  29.88 -119.38  0.24E-12
  9  8  29.93 -119.38  0.18E-12
  9  8  29.98 -119.38  0.13E-12
  9  8  30.03 -119.38  0.17E-12
  9  8  30.08 -119.38  0.17E-12
  9  8  30.13 -119.38  0.60E-13
  9  8  30.18 -119.38  0.80E-13
  9  8  30.23 -119.38  0.70E-13
  9  8  30.28 -119.38  0.11E-12
  9  8  30.33 -119.38  0.20E-13
  9  8  30.38 -119.38  0.20E-13
  9  8  30.48 -119.38  0.60E-13
  9  8  30.53 -119.38  0.60E-13
  9  8  30.58 -119.38  0.40E-13
  9  8  30.63 -119.38  0.40E-13
  9  8  30.68 -119.38  0.40E-13
  9  8  30.73 -119.38  0.10E-13
  9  8  29.63 -119.33  0.99E-14
  9  8  29.68 -119.33  0.40E-13
  9  8  29.73 -119.33  0.70E-13
  9  8  29.78 -119.33  0.11E-12
  9  8  29.83 -119.33  0.80E-13
  9  8  29.88 -119.33  0.11E-12
  9  8  29.93 -119.33  0.12E-12
  9  8  29.98 -119.33  0.90E-13
  9  8  30.03 -119.33  0.90E-13
  9  8  30.08 -119.33  0.14E-12
  9  8  30.13 -119.33  0.14E-12
  9  8  30.18 -119.33  0.40E-13
  9  8  30.23 -119.33  0.90E-13
  9  8  30.28 -119.33  0.90E-13
  9  8  30.33 -119.33  0.14E-12
  9  8  30.38 -119.33  0.11E-12
  9  8  30.43 -119.33  0.70E-13
  9  8  30.48 -119.33  0.20E-13
  9  8  30.53 -119.33  0.30E-13
  9  8  29.53 -119.28  0.99E-14
  9  8  29.58 -119.28  0.20E-13
  9  8  29.63 -119.28  0.30E-13
  9  8  29.68 -119.28  0.40E-13
  9  8  29.73 -119.28  0.20E-13
  9  8  29.78 -119.28  0.20E-13
  9  8  29.83 -119.28  0.99E-14
  9  8  29.88 -119.28  0.90E-13
  9  8  29.93 -119.28  0.14E-12
  9  8  29.98 -119.28  0.16E-12
  9  8  30.03 -119.28  0.22E-12
  9  8  30.08 -119.28  0.18E-12
  9  8  30.13 -119.28  0.12E-12
  9  8  30.18 -119.28  0.11E-12
  9  8  30.23 -119.28  0.16E-12
  9  8  30.28 -119.28  0.20E-12
  9  8  30.33 -119.28  0.13E-12
  9  8  30.38 -119.28  0.60E-13
  9  8  30.43 -119.28  0.20E-13
  9  8  30.48 -119.28  0.30E-13
  9  8  30.58 -119.28  0.40E-13
  9  8  29.63 -119.23  0.20E-13
  9  8  29.68 -119.23  0.20E-13
  9  8  29.73 -119.23  0.30E-13
  9  8  29.78 -119.23  0.89E-13
  9  8  29.83 -119.23  0.60E-13
  9  8  29.88 -119.23  0.13E-12
  9  8  29.93 -119.23  0.14E-12
  9  8  29.98 -119.23  0.15E-12
  9  8  30.03 -119.23  0.70E-13
  9  8  30.08 -119.23  0.11E-12
  9  8  30.13 -119.23  0.90E-13
  9  8  30.18 -119.23  0.15E-12
  9  8  30.23 -119.23  0.19E-12
  9  8  30.28 -119.23  0.17E-12
  9  8  30.33 -119.23  0.40E-13
  9  8  30.38 -119.23  0.70E-13
  9  8  30.43 -119.23  0.60E-13
  9  8  30.48 -119.23  0.60E-13
  9  8  30.53 -119.23  0.60E-13
  9  8  30.58 -119.23  0.30E-13
  9  8  29.58 -119.18  0.20E-13
  9  8  29.63 -119.18  0.69E-13
  9  8  29.68 -119.18  0.60E-13
  9  8  29.73 -119.18  0.79E-13
  9  8  29.78 -119.18  0.14E-12
  9  8  29.83 -119.18  0.50E-13
  9  8  29.88 -119.18  0.70E-13
  9  8  29.93 -119.18  0.60E-13
  9  8  29.98 -119.18  0.50E-13
  9  8  30.03 -119.18  0.21E-12
  9  8  30.08 -119.18  0.14E-12
  9  8  30.13 -119.18  0.18E-12
  9  8  30.18 -119.18  0.23E-12
  9  8  30.23 -119.18  0.13E-12
  9  8  30.28 -119.18  0.10E-12
  9  8  30.33 -119.18  0.14E-12
  9  8  30.38 -119.18  0.12E-12
  9  8  30.43 -119.18  0.80E-13
  9  8  30.48 -119.18  0.30E-13
  9  8  30.53 -119.18  0.80E-13
  9  8  30.58 -119.18  0.40E-13
  9  8  30.63 -119.18  0.60E-13
  9  8  30.68 -119.18  0.60E-13
  9  8  30.73 -119.18  0.70E-13
  9  8  30.78 -119.18  0.60E-13
  9  8  30.83 -119.18  0.20E-13
  9  8  31.08 -119.18  0.40E-13
  9  8  29.63 -119.13  0.20E-13
  9  8  29.68 -119.13  0.30E-13
  9  8  29.73 -119.13  0.40E-13
  9  8  29.78 -119.13  0.11E-12
  9  8  29.83 -119.13  0.89E-13
  9  8  29.88 -119.13  0.13E-12
  9  8  29.93 -119.13  0.70E-13
  9  8  29.98 -119.13  0.10E-12
  9  8  30.03 -119.13  0.10E-12
  9  8  30.08 -119.13  0.22E-12
  9  8  30.13 -119.13  0.13E-12
  9  8  30.18 -119.13  0.14E-12
  9  8  30.23 -119.13  0.10E-12
  9  8  30.28 -119.13  0.70E-13
  9  8  30.33 -119.13  0.17E-12
  9  8  30.38 -119.13  0.19E-12
  9  8  30.43 -119.13  0.15E-12
  9  8  30.48 -119.13  0.10E-12
  9  8  30.53 -119.13  0.80E-13
  9  8  30.58 -119.13  0.50E-13
  9  8  30.63 -119.13  0.50E-13
  9  8  30.68 -119.13  0.10E-12
  9  8  30.73 -119.13  0.20E-13
  9  8  31.03 -119.13  0.20E-13
  9  8  29.68 -119.08  0.99E-14
  9  8  29.73 -119.08  0.20E-13
  9  8  29.88 -119.08  0.10E-13
  9  8  29.93 -119.08  0.40E-13
  9  8  29.98 -119.08  0.40E-13
  9  8  30.03 -119.08  0.80E-13
  9  8  30.08 -119.08  0.60E-13
  9  8  30.13 -119.08  0.10E-12
  9  8  30.18 -119.08  0.18E-12
  9  8  30.23 -119.08  0.15E-12
  9  8  30.28 -119.08  0.17E-12
  9  8  30.33 -119.08  0.11E-12
  9  8  30.38 -119.08  0.10E-12
  9  8  30.43 -119.08  0.10E-12
  9  8  30.48 -119.08  0.11E-12
  9  8  30.53 -119.08  0.12E-12
  9  8  30.58 -119.08  0.70E-13
  9  8  30.63 -119.08  0.50E-13
  9  8  30.68 -119.08  0.10E-13
  9  8  30.73 -119.08  0.10E-13
  9  8  30.78 -119.08  0.50E-13
  9  8  29.63 -119.03  0.99E-14
  9  8  29.93 -119.03  0.40E-13
  9  8  29.98 -119.03  0.50E-13
  9  8  30.03 -119.03  0.40E-13
  9  8  30.08 -119.03  0.80E-13
  9  8  30.13 -119.03  0.11E-12
  9  8  30.18 -119.03  0.16E-12
  9  8  30.23 -119.03  0.18E-12
  9  8  30.28 -119.03  0.10E-12
  9  8  30.33 -119.03  0.14E-12
  9  8  30.38 -119.03  0.10E-12
  9  8  30.43 -119.03  0.15E-12
  9  8  30.48 -119.03  0.90E-13
  9  8  30.53 -119.03  0.70E-13
  9  8  30.58 -119.03  0.50E-13
  9  8  30.63 -119.03  0.50E-13
  9  8  30.68 -119.03  0.60E-13
  9  8  30.73 -119.03  0.90E-13
  9  8  30.78 -119.03  0.30E-13
  9  8  30.83 -119.03  0.40E-13
  9  8  29.73 -118.98  0.99E-14
  9  8  29.78 -118.98  0.99E-14
  9  8  29.93 -118.98  0.10E-13
  9  8  29.98 -118.98  0.80E-13
  9  8  30.03 -118.98  0.10E-12
  9  8  30.08 -118.98  0.90E-13
  9  8  30.13 -118.98  0.16E-12
  9  8  30.18 -118.98  0.80E-13
  9  8  30.23 -118.98  0.60E-13
  9  8  30.28 -118.98  0.70E-13
  9  8  30.33 -118.98  0.30E-13
  9  8  30.38 -118.98  0.11E-12
  9  8  30.43 -118.98  0.11E-12
  9  8  30.48 -118.98  0.80E-13
  9  8  30.53 -118.98  0.14E-12
  9  8  30.58 -118.98  0.10E-12
  9  8  30.63 -118.98  0.30E-13
  9  8  30.68 -118.98  0.60E-13
  9  8  30.73 -118.98  0.10E-13
  9  8  30.83 -118.98  0.40E-13
  9  8  30.98 -118.98  0.10E-13
  9  8  31.03 -118.98  0.10E-13
  9  8  29.93 -118.93  0.10E-13
  9  8  29.98 -118.93  0.60E-13
  9  8  30.08 -118.93  0.40E-13
  9  8  30.13 -118.93  0.20E-13
  9  8  30.18 -118.93  0.70E-13
  9  8  30.23 -118.93  0.40E-13
  9  8  30.28 -118.93  0.10E-12
  9  8  30.33 -118.93  0.10E-12
  9  8  30.38 -118.93  0.50E-13
  9  8  30.43 -118.93  0.10E-12
  9  8  30.48 -118.93  0.40E-13
  9  8  30.53 -118.93  0.40E-13
  9  8  30.58 -118.93  0.90E-13
  9  8  30.63 -118.93  0.40E-13
  9  8  30.68 -118.93  0.70E-13
  9  8  30.73 -118.93  0.10E-12
  9  8  30.78 -118.93  0.70E-13
  9  8  30.83 -118.93  0.30E-13
  9  8  30.88 -118.93  0.30E-13
  9  8  30.98 -118.93  0.20E-13
  9  8  31.08 -118.93  0.20E-13
  9  8  29.93 -118.88  0.40E-13
  9  8  29.98 -118.88  0.40E-13
  9  8  30.03 -118.88  0.50E-13
  9  8  30.08 -118.88  0.80E-13
  9  8  30.13 -118.88  0.60E-13
  9  8  30.18 -118.88  0.20E-13
  9  8  30.23 -118.88  0.80E-13
  9  8  30.28 -118.88  0.30E-13
  9  8  30.38 -118.88  0.10E-13
  9  8  30.43 -118.88  0.30E-13
  9  8  30.48 -118.88  0.60E-13
  9  8  30.53 -118.88  0.60E-13
  9  8  30.58 -118.88  0.50E-13
  9  8  30.63 -118.88  0.40E-13
  9  8  30.68 -118.88  0.40E-13
  9  8  30.73 -118.88  0.90E-13
  9  8  30.78 -118.88  0.13E-12
  9  8  30.83 -118.88  0.70E-13
  9  8  30.88 -118.88  0.10E-13
  9  8  30.98 -118.88  0.40E-13
  9  8  31.03 -118.88  0.60E-13
  9  8  31.08 -118.88  0.30E-13
  9  8  30.03 -118.83  0.10E-13
  9  8  30.08 -118.83  0.20E-13
  9  8  30.13 -118.83  0.10E-13
  9  8  30.18 -118.83  0.20E-13
  9  8  30.23 -118.83  0.20E-13
  9  8  30.33 -118.83  0.10E-13
  9  8  30.38 -118.83  0.10E-13
  9  8  30.43 -118.83  0.60E-13
  9  8  30.48 -118.83  0.11E-12
  9  8  30.53 -118.83  0.40E-13
  9  8  30.58 -118.83  0.10E-13
  9  8  30.63 -118.83  0.30E-13
  9  8  30.68 -118.83  0.11E-12
  9  8  30.73 -118.83  0.12E-12
  9  8  30.78 -118.83  0.80E-13
  9  8  30.83 -118.83  0.10E-13
  9  8  30.88 -118.83  0.10E-13
  9  8  30.93 -118.83  0.40E-13
  9  8  30.98 -118.83  0.30E-13
  9  8  30.13 -118.78  0.10E-13
  9  8  30.23 -118.78  0.40E-13
  9  8  30.28 -118.78  0.80E-13
  9  8  30.33 -118.78  0.70E-13
  9  8  30.38 -118.78  0.60E-13
  9  8  30.43 -118.78  0.60E-13
  9  8  30.48 -118.78  0.10E-12
  9  8  30.53 -118.78  0.80E-13
  9  8  30.58 -118.78  0.80E-13
  9  8  30.63 -118.78  0.70E-13
  9  8  30.68 -118.78  0.40E-13
  9  8  30.73 -118.78  0.60E-13
  9  8  30.78 -118.78  0.80E-13
  9  8  30.83 -118.78  0.10E-12
  9  8  30.88 -118.78  0.60E-13
  9  8  30.93 -118.78  0.60E-13
  9  8  30.98 -118.78  0.10E-13
  9  8  30.08 -118.73  0.10E-13
  9  8  30.13 -118.73  0.60E-13
  9  8  30.18 -118.73  0.30E-13
  9  8  30.23 -118.73  0.50E-13
  9  8  30.28 -118.73  0.30E-13
  9  8  30.33 -118.73  0.30E-13
  9  8  30.38 -118.73  0.20E-13
  9  8  30.43 -118.73  0.50E-13
  9  8  30.58 -118.73  0.12E-12
  9  8  30.63 -118.73  0.11E-12
  9  8  30.68 -118.73  0.11E-12
  9  8  30.73 -118.73  0.11E-12
  9  8  30.78 -118.73  0.50E-13
  9  8  30.83 -118.73  0.80E-13
  9  8  30.88 -118.73  0.60E-13
  9  8  30.93 -118.73  0.40E-13
  9  8  30.33 -118.68  0.10E-13
  9  8  30.38 -118.68  0.30E-13
  9  8  30.43 -118.68  0.30E-13
  9  8  30.48 -118.68  0.30E-13
  9  8  30.53 -118.68  0.11E-12
  9  8  30.58 -118.68  0.10E-12
  9  8  30.63 -118.68  0.13E-12
  9  8  30.68 -118.68  0.80E-13
  9  8  30.73 -118.68  0.90E-13
  9  8  30.78 -118.68  0.12E-12
  9  8  30.83 -118.68  0.60E-13
  9  8  30.88 -118.68  0.12E-12
  9  8  30.93 -118.68  0.30E-13
  9  8  30.98 -118.68  0.40E-13
  9  8  31.03 -118.68  0.30E-13
  9  8  31.08 -118.68  0.10E-13
  9  8  30.33 -118.63  0.30E-13
  9  8  30.38 -118.63  0.30E-13
  9  8  30.43 -118.63  0.10E-13
  9  8  30.48 -118.63  0.30E-13
  9  8  30.53 -118.63  0.10E-13
  9  8  30.58 -118.63  0.30E-13
  9  8  30.63 -118.63  0.70E-13
  9  8  30.68 -118.63  0.10E-12
  9  8  30.73 -118.63  0.70E-13
  9  8  30.78 -118.63  0.10E-12
  9  8  30.83 -118.63  0.14E-12
  9  8  30.88 -118.63  0.17E-12
  9  8  30.93 -118.63  0.11E-12
  9  8  30.98 -118.63  0.10E-12
  9  8  31.03 -118.63  0.50E-13
  9  8  31.08 -118.63  0.10E-13
  9  8  30.48 -118.58  0.40E-13
  9  8  30.53 -118.58  0.30E-13
  9  8  30.58 -118.58  0.40E-13
  9  8  30.63 -118.58  0.40E-13
  9  8  30.68 -118.58  0.70E-13
  9  8  30.73 -118.58  0.18E-12
  9  8  30.78 -118.58  0.90E-13
  9  8  30.83 -118.58  0.10E-12
  9  8  30.88 -118.58  0.90E-13
  9  8  30.93 -118.58  0.60E-13
  9  8  30.98 -118.58  0.70E-13
  9  8  31.03 -118.58  0.30E-13
  9  8  31.13 -118.58  0.10E-13
  9  8  31.18 -118.58  0.40E-13
  9  8  31.23 -118.58  0.30E-13
  9  8  31.28 -118.58  0.10E-13
  9  8  30.43 -118.53  0.30E-13
  9  8  30.48 -118.53  0.40E-13
  9  8  30.53 -118.53  0.50E-13
  9  8  30.58 -118.53  0.80E-13
  9  8  30.63 -118.53  0.10E-13
  9  8  30.68 -118.53  0.20E-13
  9  8  30.73 -118.53  0.60E-13
  9  8  30.78 -118.53  0.30E-13
  9  8  30.83 -118.53  0.40E-13
  9  8  30.88 -118.53  0.12E-12
  9  8  30.93 -118.53  0.91E-13
  9  8  30.98 -118.53  0.50E-13
  9  8  31.03 -118.53  0.60E-13
  9  8  31.08 -118.53  0.60E-13
  9  8  31.13 -118.53  0.91E-13
  9  8  31.18 -118.53  0.81E-13
  9  8  31.23 -118.53  0.81E-13
  9  8  31.28 -118.53  0.61E-13
  9  8  30.58 -118.48  0.10E-13
  9  8  30.63 -118.48  0.30E-13
  9  8  30.68 -118.48  0.50E-13
  9  8  30.73 -118.48  0.40E-13
  9  8  30.78 -118.48  0.40E-13
  9  8  30.83 -118.48  0.50E-13
  9  8  30.88 -118.48  0.50E-13
  9  8  30.93 -118.48  0.50E-13
  9  8  30.98 -118.48  0.12E-12
  9  8  31.03 -118.48  0.70E-13
  9  8  31.08 -118.48  0.60E-13
  9  8  31.13 -118.48  0.10E-12
  9  8  31.18 -118.48  0.40E-13
  9  8  31.28 -118.48  0.20E-13
  9  8  31.33 -118.48  0.20E-13
  9  8  30.53 -118.43  0.30E-13
  9  8  30.58 -118.43  0.20E-13
  9  8  30.63 -118.43  0.70E-13
  9  8  30.68 -118.43  0.10E-12
  9  8  30.73 -118.43  0.90E-13
  9  8  30.78 -118.43  0.40E-13
  9  8  30.83 -118.43  0.30E-13
  9  8  30.88 -118.43  0.90E-13
  9  8  30.93 -118.43  0.91E-13
  9  8  30.98 -118.43  0.70E-13
  9  8  31.03 -118.43  0.40E-13
  9  8  31.08 -118.43  0.50E-13
  9  8  31.13 -118.43  0.60E-13
  9  8  31.18 -118.43  0.20E-13
  9  8  31.23 -118.43  0.61E-13
  9  8  31.28 -118.43  0.30E-13
  9  8  31.33 -118.43  0.30E-13
  9  8  31.38 -118.43  0.51E-13
  9  8  30.58 -118.38  0.40E-13
  9  8  30.63 -118.38  0.30E-13
  9  8  30.68 -118.38  0.20E-13
  9  8  30.73 -118.38  0.50E-13
  9  8  30.78 -118.38  0.10E-13
  9  8  30.83 -118.38  0.30E-13
  9  8  30.88 -118.38  0.40E-13
  9  8  30.93 -118.38  0.40E-13
  9  8  31.03 -118.38  0.20E-13
  9  8  31.08 -118.38  0.71E-13
  9  8  31.13 -118.38  0.30E-13
  9  8  31.18 -118.38  0.10E-12
  9  8  31.23 -118.38  0.61E-13
  9  8  31.28 -118.38  0.50E-13
  9  8  31.33 -118.38  0.71E-13
  9  8  31.38 -118.38  0.20E-13
  9  8  30.53 -118.33  0.20E-13
  9  8  30.58 -118.33  0.30E-13
  9  8  30.63 -118.33  0.20E-13
  9  8  30.68 -118.33  0.20E-13
  9  8  30.78 -118.33  0.40E-13
  9  8  30.88 -118.33  0.10E-13
  9  8  30.93 -118.33  0.20E-13
  9  8  30.98 -118.33  0.20E-13
  9  8  31.03 -118.33  0.10E-12
  9  8  31.08 -118.33  0.40E-13
  9  8  31.13 -118.33  0.30E-13
  9  8  31.23 -118.33  0.10E-13
  9  8  31.28 -118.33  0.61E-13
  9  8  31.48 -118.33  0.20E-13
  9  8  31.53 -118.33  0.20E-13
  9  8  30.48 -118.28  0.30E-13
  9  8  30.93 -118.28  0.20E-13
  9  8  30.98 -118.28  0.50E-13
  9  8  31.13 -118.28  0.10E-13
  9  8  31.18 -118.28  0.60E-13
  9  8  31.23 -118.28  0.40E-13
  9  8  31.33 -118.28  0.10E-13
  9  8  31.38 -118.28  0.20E-13
  9  8  31.43 -118.28  0.51E-13
  9  8  31.48 -118.28  0.51E-13
  9  8  31.53 -118.28  0.20E-13
  9  8  31.58 -118.28  0.20E-13
  9  8  31.63 -118.28  0.30E-13
  9  8  31.68 -118.28  0.20E-13
  9  8  30.73 -118.23  0.30E-13
  9  8  30.78 -118.23  0.30E-13
  9  8  30.83 -118.23  0.10E-13
  9  8  30.88 -118.23  0.10E-13
  9  8  31.08 -118.23  0.20E-13
  9  8  31.13 -118.23  0.40E-13
  9  8  31.18 -118.23  0.30E-13
  9  8  31.23 -118.23  0.20E-13
  9  8  31.28 -118.23  0.20E-13
  9  8  31.33 -118.23  0.91E-13
  9  8  31.38 -118.23  0.12E-12
  9  8  31.43 -118.23  0.13E-12
  9  8  31.48 -118.23  0.61E-13
  9  8  31.53 -118.23  0.20E-13
  9  8  31.63 -118.23  0.41E-13
  9  8  31.68 -118.23  0.41E-13
  9  8  31.73 -118.23  0.10E-13
  9  8  30.63 -118.18  0.30E-13
  9  8  30.68 -118.18  0.30E-13
  9  8  30.73 -118.18  0.40E-13
  9  8  30.78 -118.18  0.30E-13
  9  8  30.83 -118.18  0.10E-13
  9  8  31.13 -118.18  0.60E-13
  9  8  31.18 -118.18  0.71E-13
  9  8  31.23 -118.18  0.40E-13
  9  8  31.28 -118.18  0.10E-12
  9  8  31.33 -118.18  0.13E-12
  9  8  31.38 -118.18  0.10E-12
  9  8  31.43 -118.18  0.40E-13
  9  8  31.48 -118.18  0.20E-13
  9  8  31.53 -118.18  0.30E-13
  9  8  31.58 -118.18  0.51E-13
  9  8  31.63 -118.18  0.41E-13
  9  8  31.68 -118.18  0.51E-13
  9  8  31.73 -118.18  0.41E-13
  9  8  31.78 -118.18  0.10E-12
  9  8  31.83 -118.18  0.20E-13
  9  8  30.53 -118.13  0.10E-13
  9  8  30.58 -118.13  0.40E-13
  9  8  30.63 -118.13  0.40E-13
  9  8  30.68 -118.13  0.30E-13
  9  8  31.03 -118.13  0.10E-13
  9  8  31.08 -118.13  0.91E-13
  9  8  31.13 -118.13  0.50E-13
  9  8  31.18 -118.13  0.61E-13
  9  8  31.23 -118.13  0.10E-12
  9  8  31.28 -118.13  0.14E-12
  9  8  31.33 -118.13  0.61E-13
  9  8  31.38 -118.13  0.10E-13
  9  8  31.43 -118.13  0.20E-13
  9  8  31.48 -118.13  0.71E-13
  9  8  31.53 -118.13  0.20E-13
  9  8  31.58 -118.13  0.81E-13
  9  8  31.63 -118.13  0.13E-12
  9  8  31.68 -118.13  0.41E-13
  9  8  31.73 -118.13  0.81E-13
  9  8  31.88 -118.13  0.51E-13
  9  8  31.03 -118.08  0.30E-13
  9  8  31.08 -118.08  0.30E-13
  9  8  31.13 -118.08  0.10E-13
  9  8  31.18 -118.08  0.61E-13
  9  8  31.23 -118.08  0.71E-13
  9  8  31.28 -118.08  0.10E-13
  9  8  31.38 -118.08  0.30E-13
  9  8  31.43 -118.08  0.51E-13
  9  8  31.48 -118.08  0.30E-13
  9  8  31.53 -118.08  0.40E-13
  9  8  31.58 -118.08  0.61E-13
  9  8  31.68 -118.08  0.51E-13
  9  8  31.83 -118.08  0.41E-13
  9  8  31.93 -118.08  0.10E-13
  9  8  30.93 -118.03  0.20E-13
  9  8  30.98 -118.03  0.10E-13
  9  8  31.28 -118.03  0.10E-13
  9  8  31.33 -118.03  0.40E-13
  9  8  31.38 -118.03  0.61E-13
  9  8  31.43 -118.03  0.10E-12
  9  8  31.48 -118.03  0.71E-13
  9  8  31.53 -118.03  0.71E-13
  9  8  31.58 -118.03  0.20E-13
  9  8  31.63 -118.03  0.81E-13
  9  8  31.68 -118.03  0.20E-13
  9  8  31.73 -118.03  0.20E-13
  9  8  31.88 -118.03  0.30E-13
  9  8  31.93 -118.03  0.41E-13
  9  8  31.23 -117.98  0.30E-13
  9  8  31.28 -117.98  0.30E-13
  9  8  31.33 -117.98  0.30E-13
  9  8  31.38 -117.98  0.51E-13
  9  8  31.43 -117.98  0.40E-13
  9  8  31.48 -117.98  0.40E-13
  9  8  31.53 -117.98  0.51E-13
  9  8  31.58 -117.98  0.71E-13
  9  8  31.63 -117.98  0.81E-13
  9  8  31.68 -117.98  0.71E-13
  9  8  31.73 -117.98  0.20E-13
  9  8  31.78 -117.98  0.10E-13
  9  8  31.83 -117.98  0.41E-13
  9  8  31.88 -117.98  0.61E-13
  9  8  31.33 -117.93  0.40E-13
  9  8  31.38 -117.93  0.30E-13
  9  8  31.43 -117.93  0.40E-13
  9  8  31.48 -117.93  0.51E-13
  9  8  31.53 -117.93  0.20E-13
  9  8  31.58 -117.93  0.71E-13
  9  8  31.63 -117.93  0.10E-12
  9  8  31.68 -117.93  0.41E-13
  9  8  31.73 -117.93  0.30E-13
  9  8  31.78 -117.93  0.10E-12
  9  8  31.83 -117.93  0.41E-13
  9  8  32.03 -117.93  0.20E-13
  9  8  31.28 -117.88  0.10E-13
  9  8  31.38 -117.88  0.30E-13
  9  8  31.43 -117.88  0.10E-13
  9  8  31.53 -117.88  0.20E-13
  9  8  31.58 -117.88  0.81E-13
  9  8  31.63 -117.88  0.81E-13
  9  8  31.68 -117.88  0.41E-13
  9  8  31.73 -117.88  0.51E-13
  9  8  31.78 -117.88  0.81E-13
  9  8  31.98 -117.88  0.71E-13
  9  8  32.08 -117.88  0.20E-13
  9  8  32.13 -117.88  0.41E-13
  9  8  32.23 -117.88  0.41E-13
  9  8  31.48 -117.83  0.40E-13
  9  8  31.53 -117.83  0.10E-13
  9  8  31.58 -117.83  0.71E-13
  9  8  31.63 -117.83  0.51E-13
  9  8  31.68 -117.83  0.10E-13
  9  8  31.73 -117.83  0.11E-12
  9  8  31.78 -117.83  0.10E-13
  9  8  31.93 -117.83  0.61E-13
  9  8  32.03 -117.83  0.51E-13
  9  8  32.08 -117.83  0.41E-13
  9  8  32.18 -117.83  0.82E-13
  9  8  31.43 -117.78  0.40E-13
  9  8  31.63 -117.78  0.30E-13
  9  8  31.68 -117.78  0.51E-13
  9  8  32.13 -117.78  0.20E-13
  9  8  32.18 -117.78  0.10E-13
  9  8  32.28 -117.78  0.31E-13
  9  8  32.33 -117.78  0.61E-13
  9  8  32.18 -117.73  0.20E-13
  9  8  32.23 -117.73  0.20E-13
  9  8  32.28 -117.73  0.31E-13
  9  8  32.13 -117.68  0.51E-13
  9  8  32.18 -117.68  0.31E-13
  9  8  32.23 -117.68  0.92E-13
  9  8  32.28 -117.68  0.61E-13
  9  8  32.23 -117.63  0.10E-13
  9  8  32.28 -117.58  0.10E-13
