DAY HR    LAT     LON TEST00100
  9  0  31.78 -120.78  0.20E-13
  9  0  31.83 -120.78  0.10E-13
  9  0  31.93 -120.63  0.10E-13
  9  0  31.98 -120.58  0.10E-13
  9  0  32.03 -120.58  0.20E-13
  9  0  31.63 -120.53  0.10E-13
  9  0  31.63 -120.48  0.10E-13
  9  0  31.68 -120.48  0.10E-13
  9  0  31.83 -120.48  0.10E-13
  9  0  31.88 -120.48  0.10E-13
  9  0  31.93 -120.48  0.30E-13
  9  0  31.98 -120.48  0.20E-13
  9  0  32.03 -120.48  0.20E-13
  9  0  31.68 -120.43  0.10E-13
  9  0  31.73 -120.43  0.30E-13
  9  0  31.78 -120.43  0.30E-13
  9  0  31.83 -120.43  0.30E-13
  9  0  31.88 -120.43  0.10E-13
  9  0  32.03 -120.43  0.10E-13
  9  0  32.08 -120.43  0.41E-13
  9  0  32.13 -120.43  0.51E-13
  9  0  31.58 -120.38  0.10E-13
  9  0  31.58 -120.33  0.20E-13
  9  0  31.63 -120.33  0.30E-13
  9  0  31.68 -120.33  0.30E-13
  9  0  31.73 -120.33  0.30E-13
  9  0  31.78 -120.33  0.30E-13
  9  0  31.83 -120.33  0.10E-13
  9  0  32.13 -120.33  0.20E-13
  9  0  32.18 -120.33  0.41E-13
  9  0  32.23 -120.33  0.20E-13
  9  0  31.93 -120.28  0.20E-13
  9  0  32.28 -120.28  0.31E-13
  9  0  32.33 -120.28  0.41E-13
  9  0  31.78 -120.23  0.10E-13
  9  0  31.83 -120.23  0.30E-13
  9  0  31.88 -120.23  0.41E-13
  9  0  31.93 -120.23  0.51E-13
  9  0  31.98 -120.23  0.92E-13
  9  0  32.03 -120.23  0.31E-13
  9  0  32.08 -120.23  0.51E-13
  9  0  32.13 -120.23  0.51E-13
  9  0  32.18 -120.23  0.20E-13
  9  0  31.88 -120.18  0.20E-13
  9  0  31.93 -120.18  0.20E-13
  9  0  31.58 -120.13  0.10E-13
  9  0  31.63 -120.13  0.10E-13
  9  0  31.68 -120.13  0.20E-13
  9  0  31.73 -120.13  0.10E-13
  9  0  31.78 -120.13  0.41E-13
  9  0  31.83 -120.13  0.61E-13
  9  0  31.88 -120.13  0.41E-13
  9  0  31.93 -120.13  0.81E-13
  9  0  31.98 -120.13  0.61E-13
  9  0  32.03 -120.13  0.61E-13
  9  0  32.08 -120.13  0.51E-13
  9  0  32.13 -120.13  0.61E-13
  9  0  32.18 -120.13  0.61E-13
  9  0  32.23 -120.13  0.71E-13
  9  0  32.28 -120.13  0.41E-13
  9  0  32.48 -120.13  0.10E-13
  9  0  31.78 -120.08  0.20E-13
  9  0  31.83 -120.08  0.30E-13
  9  0  31.88 -120.08  0.20E-13
  9  0  31.93 -120.08  0.61E-13
  9  0  31.98 -120.08  0.41E-13
  9  0  32.03 -120.08  0.20E-13
  9  0  32.08 -120.08  0.10E-13
  9  0  32.13 -120.08  0.31E-13
  9  0  32.18 -120.08  0.41E-13
  9  0  32.28 -120.08  0.10E-13
  9  0  32.33 -120.08  0.31E-13
  9  0  32.38 -120.08  0.20E-13
  9  0  31.63 -120.03  0.20E-13
  9  0  31.68 -120.03  0.10E-13
  9  0  31.73 -120.03  0.10E-13
  9  0  31.78 -120.03  0.10E-13
  9  0  31.83 -120.03  0.10E-13
  9  0  31.88 -120.03  0.41E-13
  9  0  31.93 -120.03  0.81E-13
  9  0  31.98 -120.03  0.10E-12
  9  0  32.03 -120.03  0.81E-13
  9  0  32.08 -120.03  0.92E-13
  9  0  32.13 -120.03  0.61E-13
  9  0  32.18 -120.03  0.31E-13
  9  0  32.23 -120.03  0.31E-13
  9  0  32.28 -120.03  0.31E-13
  9  0  31.68 -119.98  0.61E-13
  9  0  31.73 -119.98  0.81E-13
  9  0  31.78 -119.98  0.17E-12
  9  0  31.83 -119.98  0.16E-12
  9  0  31.88 -119.98  0.81E-13
  9  0  31.93 -119.98  0.14E-12
  9  0  31.98 -119.98  0.15E-12
  9  0  32.03 -119.98  0.12E-12
  9  0  32.08 -119.98  0.14E-12
  9  0  32.13 -119.98  0.18E-12
  9  0  32.18 -119.98  0.14E-12
  9  0  32.23 -119.98  0.61E-13
  9  0  32.28 -119.98  0.31E-13
  9  0  32.33 -119.98  0.41E-13
  9  0  32.38 -119.98  0.20E-13
  9  0  31.53 -119.93  0.10E-13
  9  0  31.58 -119.93  0.10E-13
  9  0  31.63 -119.93  0.10E-13
  9  0  31.68 -119.93  0.30E-13
  9  0  31.73 -119.93  0.81E-13
  9  0  31.78 -119.93  0.11E-12
  9  0  31.83 -119.93  0.16E-12
  9  0  31.88 -119.93  0.15E-12
  9  0  31.93 -119.93  0.20E-12
  9  0  31.98 -119.93  0.21E-12
  9  0  32.03 -119.93  0.19E-12
  9  0  32.08 -119.93  0.13E-12
  9  0  32.13 -119.93  0.92E-13
  9  0  32.18 -119.93  0.12E-12
  9  0  32.23 -119.93  0.82E-13
  9  0  32.28 -119.93  0.20E-13
  9  0  32.38 -119.93  0.31E-13
  9  0  32.43 -119.93  0.10E-13
  9  0  32.63 -119.93  0.10E-13
  9  0  31.73 -119.88  0.10E-13
  9  0  31.78 -119.88  0.30E-13
  9  0  31.83 -119.88  0.91E-13
  9  0  31.88 -119.88  0.13E-12
  9  0  31.93 -119.88  0.18E-12
  9  0  31.98 -119.88  0.26E-12
  9  0  32.03 -119.88  0.35E-12
  9  0  32.08 -119.88  0.26E-12
  9  0  32.13 -119.88  0.34E-12
  9  0  32.18 -119.88  0.23E-12
  9  0  32.23 -119.88  0.17E-12
  9  0  32.28 -119.88  0.15E-12
  9  0  32.33 -119.88  0.92E-13
  9  0  32.38 -119.88  0.31E-13
  9  0  32.43 -119.88  0.31E-13
  9  0  32.53 -119.88  0.31E-13
  9  0  32.63 -119.88  0.20E-13
  9  0  31.73 -119.83  0.10E-13
  9  0  31.78 -119.83  0.10E-13
  9  0  31.83 -119.83  0.10E-12
  9  0  31.88 -119.83  0.15E-12
  9  0  31.93 -119.83  0.25E-12
  9  0  31.98 -119.83  0.47E-12
  9  0  32.03 -119.83  0.59E-12
  9  0  32.08 -119.83  0.53E-12
  9  0  32.13 -119.83  0.58E-12
  9  0  32.18 -119.83  0.48E-12
  9  0  32.23 -119.83  0.25E-12
  9  0  32.28 -119.83  0.19E-12
  9  0  32.33 -119.83  0.19E-12
  9  0  32.38 -119.83  0.92E-13
  9  0  32.43 -119.83  0.51E-13
  9  0  32.48 -119.83  0.41E-13
  9  0  32.53 -119.83  0.31E-13
  9  0  31.63 -119.78  0.20E-13
  9  0  31.68 -119.78  0.30E-13
  9  0  31.78 -119.78  0.81E-13
  9  0  31.83 -119.78  0.61E-13
  9  0  31.88 -119.78  0.18E-12
  9  0  31.93 -119.78  0.33E-12
  9  0  31.98 -119.78  0.37E-12
  9  0  32.03 -119.78  0.43E-12
  9  0  32.08 -119.78  0.51E-12
  9  0  32.13 -119.78  0.45E-12
  9  0  32.18 -119.78  0.43E-12
  9  0  32.23 -119.78  0.44E-12
  9  0  32.28 -119.78  0.42E-12
  9  0  32.33 -119.78  0.16E-12
  9  0  32.38 -119.78  0.92E-13
  9  0  32.43 -119.78  0.92E-13
  9  0  32.48 -119.78  0.92E-13
  9  0  32.53 -119.78  0.51E-13
  9  0  31.73 -119.73  0.20E-13
  9  0  31.78 -119.73  0.81E-13
  9  0  31.83 -119.73  0.17E-12
  9  0  31.88 -119.73  0.27E-12
  9  0  31.93 -119.73  0.32E-12
  9  0  31.98 -119.73  0.37E-12
  9  0  32.03 -119.73  0.44E-12
  9  0  32.08 -119.73  0.65E-12
  9  0  32.13 -119.73  0.81E-12
  9  0  32.18 -119.73  0.76E-12
  9  0  32.23 -119.73  0.79E-12
  9  0  32.28 -119.73  0.48E-12
  9  0  32.33 -119.73  0.33E-12
  9  0  32.38 -119.73  0.36E-12
  9  0  32.43 -119.73  0.22E-12
  9  0  32.48 -119.73  0.19E-12
  9  0  32.53 -119.73  0.15E-12
  9  0  32.58 -119.73  0.31E-13
  9  0  32.63 -119.73  0.92E-13
  9  0  32.68 -119.73  0.10E-13
  9  0  32.78 -119.73  0.51E-13
  9  0  32.83 -119.73  0.41E-13
  9  0  31.63 -119.68  0.41E-13
  9  0  31.68 -119.68  0.51E-13
  9  0  31.73 -119.68  0.12E-12
  9  0  31.78 -119.68  0.17E-12
  9  0  31.83 -119.68  0.19E-12
  9  0  31.88 -119.68  0.22E-12
  9  0  31.93 -119.68  0.26E-12
  9  0  31.98 -119.68  0.41E-12
  9  0  32.03 -119.68  0.66E-12
  9  0  32.08 -119.68  0.71E-12
  9  0  32.13 -119.68  0.72E-12
  9  0  32.18 -119.68  0.77E-12
  9  0  32.23 -119.68  0.88E-12
  9  0  32.28 -119.68  0.80E-12
  9  0  32.33 -119.68  0.89E-12
  9  0  32.38 -119.68  0.53E-12
  9  0  32.43 -119.68  0.47E-12
  9  0  32.48 -119.68  0.34E-12
  9  0  32.53 -119.68  0.13E-12
  9  0  32.58 -119.68  0.11E-12
  9  0  32.63 -119.68  0.61E-13
  9  0  32.68 -119.68  0.10E-13
  9  0  32.73 -119.68  0.11E-12
  9  0  32.78 -119.68  0.31E-13
  9  0  32.83 -119.68  0.31E-13
  9  0  31.63 -119.63  0.10E-13
  9  0  31.68 -119.63  0.30E-13
  9  0  31.73 -119.63  0.41E-13
  9  0  31.78 -119.63  0.91E-13
  9  0  31.83 -119.63  0.11E-12
  9  0  31.88 -119.63  0.18E-12
  9  0  31.93 -119.63  0.27E-12
  9  0  31.98 -119.63  0.37E-12
  9  0  32.03 -119.63  0.66E-12
  9  0  32.08 -119.63  0.94E-12
  9  0  32.13 -119.63  0.91E-12
  9  0  32.18 -119.63  0.93E-12
  9  0  32.23 -119.63  0.10E-11
  9  0  32.28 -119.63  0.88E-12
  9  0  32.33 -119.63  0.77E-12
  9  0  32.38 -119.63  0.76E-12
  9  0  32.43 -119.63  0.46E-12
  9  0  32.48 -119.63  0.27E-12
  9  0  32.53 -119.63  0.23E-12
  9  0  32.58 -119.63  0.33E-12
  9  0  32.63 -119.63  0.15E-12
  9  0  32.68 -119.63  0.92E-13
  9  0  32.73 -119.63  0.41E-13
  9  0  32.78 -119.63  0.82E-13
  9  0  31.68 -119.58  0.10E-13
  9  0  31.73 -119.58  0.41E-13
  9  0  31.78 -119.58  0.71E-13
  9  0  31.83 -119.58  0.17E-12
  9  0  31.88 -119.58  0.26E-12
  9  0  31.93 -119.58  0.29E-12
  9  0  31.98 -119.58  0.42E-12
  9  0  32.03 -119.58  0.47E-12
  9  0  32.08 -119.58  0.76E-12
  9  0  32.13 -119.58  0.90E-12
  9  0  32.18 -119.58  0.92E-12
  9  0  32.23 -119.58  0.97E-12
  9  0  32.28 -119.58  0.93E-12
  9  0  32.33 -119.58  0.95E-12
  9  0  32.38 -119.58  0.93E-12
  9  0  32.43 -119.58  0.61E-12
  9  0  32.48 -119.58  0.62E-12
  9  0  32.53 -119.58  0.59E-12
  9  0  32.58 -119.58  0.25E-12
  9  0  32.63 -119.58  0.18E-12
  9  0  32.68 -119.58  0.12E-12
  9  0  32.73 -119.58  0.16E-12
  9  0  32.78 -119.58  0.31E-13
  9  0  32.88 -119.58  0.10E-13
  9  0  31.73 -119.53  0.51E-13
  9  0  31.78 -119.53  0.71E-13
  9  0  31.83 -119.53  0.10E-13
  9  0  31.88 -119.53  0.61E-13
  9  0  31.93 -119.53  0.18E-12
  9  0  31.98 -119.53  0.25E-12
  9  0  32.03 -119.53  0.38E-12
  9  0  32.08 -119.53  0.62E-12
  9  0  32.13 -119.53  0.74E-12
  9  0  32.18 -119.53  0.82E-12
  9  0  32.23 -119.53  0.11E-11
  9  0  32.28 -119.53  0.12E-11
  9  0  32.33 -119.53  0.11E-11
  9  0  32.38 -119.53  0.13E-11
  9  0  32.43 -119.53  0.11E-11
  9  0  32.48 -119.53  0.72E-12
  9  0  32.53 -119.53  0.56E-12
  9  0  32.58 -119.53  0.43E-12
  9  0  32.63 -119.53  0.54E-12
  9  0  32.68 -119.53  0.41E-12
  9  0  32.73 -119.53  0.11E-12
  9  0  32.78 -119.53  0.31E-13
  9  0  32.83 -119.53  0.41E-13
  9  0  32.88 -119.53  0.41E-13
  9  0  31.78 -119.48  0.10E-13
  9  0  31.83 -119.48  0.51E-13
  9  0  31.88 -119.48  0.10E-12
  9  0  31.93 -119.48  0.11E-12
  9  0  31.98 -119.48  0.29E-12
  9  0  32.03 -119.48  0.39E-12
  9  0  32.08 -119.48  0.45E-12
  9  0  32.13 -119.48  0.54E-12
  9  0  32.18 -119.48  0.73E-12
  9  0  32.23 -119.48  0.92E-12
  9  0  32.28 -119.48  0.11E-11
  9  0  32.33 -119.48  0.11E-11
  9  0  32.38 -119.48  0.97E-12
  9  0  32.43 -119.48  0.11E-11
  9  0  32.48 -119.48  0.99E-12
  9  0  32.53 -119.48  0.10E-11
  9  0  32.58 -119.48  0.81E-12
  9  0  32.63 -119.48  0.82E-12
  9  0  32.68 -119.48  0.54E-12
  9  0  32.73 -119.48  0.18E-12
  9  0  32.78 -119.48  0.51E-13
  9  0  32.83 -119.48  0.22E-12
  9  0  32.88 -119.48  0.13E-12
  9  0  32.93 -119.48  0.10E-13
  9  0  31.78 -119.43  0.20E-13
  9  0  31.83 -119.43  0.81E-13
  9  0  31.88 -119.43  0.91E-13
  9  0  31.93 -119.43  0.91E-13
  9  0  31.98 -119.43  0.17E-12
  9  0  32.03 -119.43  0.26E-12
  9  0  32.08 -119.43  0.48E-12
  9  0  32.13 -119.43  0.64E-12
  9  0  32.18 -119.43  0.91E-12
  9  0  32.23 -119.43  0.96E-12
  9  0  32.28 -119.43  0.12E-11
  9  0  32.33 -119.43  0.97E-12
  9  0  32.38 -119.43  0.12E-11
  9  0  32.43 -119.43  0.13E-11
  9  0  32.48 -119.43  0.11E-11
  9  0  32.53 -119.43  0.91E-12
  9  0  32.58 -119.43  0.79E-12
  9  0  32.63 -119.43  0.64E-12
  9  0  32.68 -119.43  0.68E-12
  9  0  32.73 -119.43  0.30E-12
  9  0  32.78 -119.43  0.18E-12
  9  0  32.83 -119.43  0.15E-12
  9  0  32.88 -119.43  0.41E-13
  9  0  32.93 -119.43  0.21E-13
  9  0  31.68 -119.38  0.20E-13
  9  0  31.73 -119.38  0.71E-13
  9  0  31.78 -119.38  0.51E-13
  9  0  31.83 -119.38  0.20E-13
  9  0  31.88 -119.38  0.51E-13
  9  0  31.93 -119.38  0.71E-13
  9  0  31.98 -119.38  0.15E-12
  9  0  32.03 -119.38  0.23E-12
  9  0  32.08 -119.38  0.33E-12
  9  0  32.13 -119.38  0.45E-12
  9  0  32.18 -119.38  0.65E-12
  9  0  32.23 -119.38  0.68E-12
  9  0  32.28 -119.38  0.96E-12
  9  0  32.33 -119.38  0.12E-11
  9  0  32.38 -119.38  0.94E-12
  9  0  32.43 -119.38  0.97E-12
  9  0  32.48 -119.38  0.11E-11
  9  0  32.53 -119.38  0.13E-11
  9  0  32.58 -119.38  0.13E-11
  9  0  32.63 -119.38  0.12E-11
  9  0  32.68 -119.38  0.79E-12
  9  0  32.73 -119.38  0.34E-12
  9  0  32.78 -119.38  0.37E-12
  9  0  32.83 -119.38  0.13E-12
  9  0  32.88 -119.38  0.20E-12
  9  0  33.03 -119.38  0.41E-13
  9  0  33.08 -119.38  0.31E-13
  9  0  31.88 -119.33  0.10E-13
  9  0  31.98 -119.33  0.71E-13
  9  0  32.03 -119.33  0.17E-12
  9  0  32.08 -119.33  0.31E-12
  9  0  32.13 -119.33  0.34E-12
  9  0  32.18 -119.33  0.45E-12
  9  0  32.23 -119.33  0.69E-12
  9  0  32.28 -119.33  0.89E-12
  9  0  32.33 -119.33  0.64E-12
  9  0  32.38 -119.33  0.80E-12
  9  0  32.43 -119.33  0.12E-11
  9  0  32.48 -119.33  0.12E-11
  9  0  32.53 -119.33  0.17E-11
  9  0  32.58 -119.33  0.15E-11
  9  0  32.63 -119.33  0.12E-11
  9  0  32.68 -119.33  0.79E-12
  9  0  32.73 -119.33  0.72E-12
  9  0  32.78 -119.33  0.24E-12
  9  0  32.83 -119.33  0.32E-12
  9  0  32.88 -119.33  0.12E-12
  9  0  32.93 -119.33  0.31E-13
  9  0  32.98 -119.33  0.51E-13
  9  0  33.03 -119.33  0.10E-13
  9  0  33.08 -119.33  0.41E-13
  9  0  31.93 -119.28  0.10E-13
  9  0  31.98 -119.28  0.20E-13
  9  0  32.03 -119.28  0.31E-13
  9  0  32.08 -119.28  0.51E-13
  9  0  32.13 -119.28  0.92E-13
  9  0  32.18 -119.28  0.21E-12
  9  0  32.23 -119.28  0.33E-12
  9  0  32.28 -119.28  0.46E-12
  9  0  32.33 -119.28  0.76E-12
  9  0  32.38 -119.28  0.85E-12
  9  0  32.43 -119.28  0.13E-11
  9  0  32.48 -119.28  0.14E-11
  9  0  32.53 -119.28  0.11E-11
  9  0  32.58 -119.28  0.97E-12
  9  0  32.63 -119.28  0.12E-11
  9  0  32.68 -119.28  0.11E-11
  9  0  32.73 -119.28  0.65E-12
  9  0  32.78 -119.28  0.46E-12
  9  0  32.83 -119.28  0.37E-12
  9  0  32.88 -119.28  0.27E-12
  9  0  32.93 -119.28  0.14E-12
  9  0  32.98 -119.28  0.51E-13
  9  0  33.08 -119.28  0.51E-13
  9  0  32.03 -119.23  0.10E-13
  9  0  32.08 -119.23  0.41E-13
  9  0  32.13 -119.23  0.11E-12
  9  0  32.18 -119.23  0.25E-12
  9  0  32.23 -119.23  0.41E-12
  9  0  32.28 -119.23  0.35E-12
  9  0  32.33 -119.23  0.52E-12
  9  0  32.38 -119.23  0.64E-12
  9  0  32.43 -119.23  0.71E-12
  9  0  32.48 -119.23  0.64E-12
  9  0  32.53 -119.23  0.82E-12
  9  0  32.58 -119.23  0.11E-11
  9  0  32.63 -119.23  0.17E-11
  9  0  32.68 -119.23  0.10E-11
  9  0  32.73 -119.23  0.70E-12
  9  0  32.78 -119.23  0.61E-12
  9  0  32.83 -119.23  0.39E-12
  9  0  32.88 -119.23  0.28E-12
  9  0  32.93 -119.23  0.14E-12
  9  0  32.98 -119.23  0.10E-12
  9  0  33.08 -119.23  0.31E-13
  9  0  32.03 -119.18  0.10E-13
  9  0  32.08 -119.18  0.10E-13
  9  0  32.13 -119.18  0.71E-13
  9  0  32.18 -119.18  0.82E-13
  9  0  32.23 -119.18  0.10E-12
  9  0  32.28 -119.18  0.10E-12
  9  0  32.33 -119.18  0.30E-12
  9  0  32.38 -119.18  0.37E-12
  9  0  32.43 -119.18  0.51E-12
  9  0  32.48 -119.18  0.77E-12
  9  0  32.53 -119.18  0.12E-11
  9  0  32.58 -119.18  0.14E-11
  9  0  32.63 -119.18  0.12E-11
  9  0  32.68 -119.18  0.59E-12
  9  0  32.73 -119.18  0.61E-12
  9  0  32.78 -119.18  0.69E-12
  9  0  32.83 -119.18  0.35E-12
  9  0  32.88 -119.18  0.27E-12
  9  0  32.93 -119.18  0.10E-12
  9  0  32.98 -119.18  0.82E-13
  9  0  31.98 -119.13  0.20E-13
  9  0  32.03 -119.13  0.20E-13
  9  0  32.08 -119.13  0.61E-13
  9  0  32.13 -119.13  0.31E-13
  9  0  32.18 -119.13  0.82E-13
  9  0  32.23 -119.13  0.51E-13
  9  0  32.28 -119.13  0.15E-12
  9  0  32.33 -119.13  0.14E-12
  9  0  32.38 -119.13  0.32E-12
  9  0  32.43 -119.13  0.41E-12
  9  0  32.48 -119.13  0.72E-12
  9  0  32.53 -119.13  0.93E-12
  9  0  32.58 -119.13  0.91E-12
  9  0  32.63 -119.13  0.59E-12
  9  0  32.68 -119.13  0.59E-12
  9  0  32.73 -119.13  0.52E-12
  9  0  32.78 -119.13  0.43E-12
  9  0  32.83 -119.13  0.54E-12
  9  0  32.88 -119.13  0.92E-13
  9  0  32.93 -119.13  0.12E-12
  9  0  32.98 -119.13  0.16E-12
  9  0  33.03 -119.13  0.10E-13
  9  0  32.23 -119.08  0.10E-13
  9  0  32.28 -119.08  0.41E-13
  9  0  32.33 -119.08  0.61E-13
  9  0  32.38 -119.08  0.16E-12
  9  0  32.43 -119.08  0.35E-12
  9  0  32.48 -119.08  0.33E-12
  9  0  32.53 -119.08  0.45E-12
  9  0  32.58 -119.08  0.50E-12
  9  0  32.63 -119.08  0.50E-12
  9  0  32.68 -119.08  0.48E-12
  9  0  32.73 -119.08  0.56E-12
  9  0  32.78 -119.08  0.45E-12
  9  0  32.83 -119.08  0.35E-12
  9  0  32.88 -119.08  0.11E-12
  9  0  32.93 -119.08  0.22E-12
  9  0  32.98 -119.08  0.17E-12
  9  0  33.03 -119.08  0.93E-13
  9  0  32.33 -119.03  0.20E-13
  9  0  32.38 -119.03  0.11E-12
  9  0  32.43 -119.03  0.11E-12
  9  0  32.48 -119.03  0.28E-12
  9  0  32.53 -119.03  0.34E-12
  9  0  32.58 -119.03  0.33E-12
  9  0  32.63 -119.03  0.31E-12
  9  0  32.68 -119.03  0.41E-12
  9  0  32.73 -119.03  0.40E-12
  9  0  32.78 -119.03  0.48E-12
  9  0  32.83 -119.03  0.30E-12
  9  0  32.88 -119.03  0.22E-12
  9  0  32.93 -119.03  0.20E-12
  9  0  32.98 -119.03  0.15E-12
  9  0  33.03 -119.03  0.10E-12
  9  0  32.33 -118.98  0.20E-13
  9  0  32.38 -118.98  0.20E-13
  9  0  32.43 -118.98  0.12E-12
  9  0  32.48 -118.98  0.14E-12
  9  0  32.53 -118.98  0.18E-12
  9  0  32.58 -118.98  0.26E-12
  9  0  32.63 -118.98  0.35E-12
  9  0  32.68 -118.98  0.34E-12
  9  0  32.73 -118.98  0.24E-12
  9  0  32.78 -118.98  0.39E-12
  9  0  32.83 -118.98  0.28E-12
  9  0  32.88 -118.98  0.27E-12
  9  0  32.93 -118.98  0.21E-12
  9  0  32.98 -118.98  0.25E-12
  9  0  33.03 -118.98  0.72E-13
  9  0  32.38 -118.93  0.41E-13
  9  0  32.43 -118.93  0.92E-13
  9  0  32.48 -118.93  0.20E-13
  9  0  32.53 -118.93  0.11E-12
  9  0  32.58 -118.93  0.20E-12
  9  0  32.63 -118.93  0.19E-12
  9  0  32.68 -118.93  0.21E-13
  9  0  32.73 -118.93  0.17E-12
  9  0  32.78 -118.93  0.19E-12
  9  0  32.83 -118.93  0.27E-12
  9  0  32.88 -118.93  0.16E-12
  9  0  32.93 -118.93  0.25E-12
  9  0  32.98 -118.93  0.16E-12
  9  0  33.03 -118.93  0.10E-13
  9  0  32.33 -118.88  0.20E-13
  9  0  32.48 -118.88  0.61E-13
  9  0  32.53 -118.88  0.31E-13
  9  0  32.58 -118.88  0.41E-13
  9  0  32.68 -118.88  0.72E-13
  9  0  32.73 -118.88  0.11E-12
  9  0  32.78 -118.88  0.82E-13
  9  0  32.83 -118.88  0.13E-12
  9  0  32.88 -118.88  0.82E-13
  9  0  32.93 -118.88  0.17E-12
  9  0  32.98 -118.88  0.12E-12
  9  0  32.63 -118.83  0.41E-13
  9  0  32.68 -118.83  0.10E-13
  9  0  32.73 -118.83  0.62E-13
  9  0  32.78 -118.83  0.31E-13
  9  0  32.83 -118.83  0.31E-13
  9  0  32.88 -118.83  0.14E-12
  9  0  32.93 -118.83  0.31E-13
  9  0  32.98 -118.83  0.31E-13
  9  0  32.58 -118.78  0.10E-13
  9  0  32.63 -118.78  0.20E-13
  9  0  32.88 -118.78  0.41E-13
  9  0  32.58 -118.73  0.20E-13
  9  0  32.88 -118.73  0.41E-13
  9  0  32.83 -118.68  0.41E-13
  9  0  32.88 -118.68  0.10E-13
  9  0  32.83 -118.63  0.41E-13
