DAY HR    LAT     LON TEST00100
  8 20  32.88 -119.93  0.10E-13
  8 20  32.93 -119.93  0.10E-13
  8 20  32.78 -119.88  0.10E-13
  8 20  32.83 -119.88  0.21E-13
  8 20  32.73 -119.83  0.21E-13
  8 20  32.78 -119.83  0.11E-12
  8 20  32.83 -119.83  0.16E-12
  8 20  32.88 -119.83  0.14E-12
  8 20  32.93 -119.83  0.82E-13
  8 20  32.98 -119.83  0.10E-13
  8 20  33.03 -119.83  0.10E-13
  8 20  33.08 -119.83  0.10E-13
  8 20  32.58 -119.78  0.10E-13
  8 20  32.68 -119.78  0.10E-13
  8 20  32.73 -119.78  0.11E-12
  8 20  32.78 -119.78  0.22E-12
  8 20  32.83 -119.78  0.35E-12
  8 20  32.88 -119.78  0.43E-12
  8 20  32.93 -119.78  0.23E-12
  8 20  32.98 -119.78  0.12E-12
  8 20  33.03 -119.78  0.13E-12
  8 20  33.08 -119.78  0.82E-13
  8 20  33.13 -119.78  0.21E-13
  8 20  32.73 -119.73  0.31E-13
  8 20  32.78 -119.73  0.16E-12
  8 20  32.83 -119.73  0.35E-12
  8 20  32.88 -119.73  0.78E-12
  8 20  32.93 -119.73  0.77E-12
  8 20  32.98 -119.73  0.57E-12
  8 20  33.03 -119.73  0.29E-12
  8 20  33.08 -119.73  0.21E-12
  8 20  33.13 -119.73  0.14E-12
  8 20  33.18 -119.73  0.72E-13
  8 20  33.23 -119.73  0.10E-13
  8 20  32.73 -119.68  0.62E-13
  8 20  32.78 -119.68  0.25E-12
  8 20  32.83 -119.68  0.44E-12
  8 20  32.88 -119.68  0.90E-12
  8 20  32.93 -119.68  0.15E-11
  8 20  32.98 -119.68  0.14E-11
  8 20  33.03 -119.68  0.11E-11
  8 20  33.08 -119.68  0.82E-12
  8 20  33.13 -119.68  0.34E-12
  8 20  33.18 -119.68  0.27E-12
  8 20  33.23 -119.68  0.10E-12
  8 20  32.68 -119.63  0.21E-13
  8 20  32.73 -119.63  0.13E-12
  8 20  32.78 -119.63  0.34E-12
  8 20  32.83 -119.63  0.64E-12
  8 20  32.88 -119.63  0.10E-11
  8 20  32.93 -119.63  0.19E-11
  8 20  32.98 -119.63  0.25E-11
  8 20  33.03 -119.63  0.23E-11
  8 20  33.08 -119.63  0.17E-11
  8 20  33.13 -119.63  0.12E-11
  8 20  33.18 -119.63  0.51E-12
  8 20  33.23 -119.63  0.21E-12
  8 20  33.28 -119.63  0.83E-13
  8 20  32.68 -119.58  0.10E-13
  8 20  32.73 -119.58  0.82E-13
  8 20  32.78 -119.58  0.30E-12
  8 20  32.83 -119.58  0.83E-12
  8 20  32.88 -119.58  0.15E-11
  8 20  32.93 -119.58  0.21E-11
  8 20  32.98 -119.58  0.33E-11
  8 20  33.03 -119.58  0.35E-11
  8 20  33.08 -119.58  0.36E-11
  8 20  33.13 -119.58  0.18E-11
  8 20  33.18 -119.58  0.12E-11
  8 20  33.23 -119.58  0.45E-12
  8 20  33.28 -119.58  0.19E-12
  8 20  32.73 -119.53  0.41E-13
  8 20  32.78 -119.53  0.15E-12
  8 20  32.83 -119.53  0.51E-12
  8 20  32.88 -119.53  0.12E-11
  8 20  32.93 -119.53  0.22E-11
  8 20  32.98 -119.53  0.33E-11
  8 20  33.03 -119.53  0.50E-11
  8 20  33.08 -119.53  0.47E-11
  8 20  33.13 -119.53  0.40E-11
  8 20  33.18 -119.53  0.16E-11
  8 20  33.23 -119.53  0.91E-12
  8 20  33.28 -119.53  0.26E-12
  8 20  33.33 -119.53  0.10E-13
  8 20  32.73 -119.48  0.10E-13
  8 20  32.78 -119.48  0.62E-13
  8 20  32.83 -119.48  0.33E-12
  8 20  32.88 -119.48  0.73E-12
  8 20  32.93 -119.48  0.20E-11
  8 20  32.98 -119.48  0.36E-11
  8 20  33.03 -119.48  0.52E-11
  8 20  33.08 -119.48  0.63E-11
  8 20  33.13 -119.48  0.49E-11
  8 20  33.18 -119.48  0.35E-11
  8 20  33.23 -119.48  0.14E-11
  8 20  33.28 -119.48  0.44E-12
  8 20  33.33 -119.48  0.93E-13
  8 20  32.68 -119.43  0.10E-13
  8 20  32.73 -119.43  0.41E-13
  8 20  32.78 -119.43  0.15E-12
  8 20  32.83 -119.43  0.36E-12
  8 20  32.88 -119.43  0.74E-12
  8 20  32.93 -119.43  0.15E-11
  8 20  32.98 -119.43  0.28E-11
  8 20  33.03 -119.43  0.49E-11
  8 20  33.08 -119.43  0.71E-11
  8 20  33.13 -119.43  0.68E-11
  8 20  33.18 -119.43  0.43E-11
  8 20  33.23 -119.43  0.23E-11
  8 20  33.28 -119.43  0.73E-12
  8 20  33.33 -119.43  0.72E-13
  8 20  32.83 -119.38  0.10E-12
  8 20  32.88 -119.38  0.52E-12
  8 20  32.93 -119.38  0.14E-11
  8 20  32.98 -119.38  0.23E-11
  8 20  33.03 -119.38  0.41E-11
  8 20  33.08 -119.38  0.53E-11
  8 20  33.13 -119.38  0.70E-11
  8 20  33.18 -119.38  0.55E-11
  8 20  33.23 -119.38  0.28E-11
  8 20  33.28 -119.38  0.77E-12
  8 20  33.33 -119.38  0.22E-12
  8 20  32.88 -119.33  0.12E-12
  8 20  32.93 -119.33  0.49E-12
  8 20  32.98 -119.33  0.13E-11
  8 20  33.03 -119.33  0.25E-11
  8 20  33.08 -119.33  0.44E-11
  8 20  33.13 -119.33  0.51E-11
  8 20  33.18 -119.33  0.46E-11
  8 20  33.23 -119.33  0.34E-11
  8 20  33.28 -119.33  0.13E-11
  8 20  33.33 -119.33  0.25E-12
  8 20  32.88 -119.28  0.31E-13
  8 20  32.93 -119.28  0.14E-12
  8 20  32.98 -119.28  0.88E-12
  8 20  33.03 -119.28  0.20E-11
  8 20  33.08 -119.28  0.24E-11
  8 20  33.13 -119.28  0.40E-11
  8 20  33.18 -119.28  0.36E-11
  8 20  33.23 -119.28  0.28E-11
  8 20  33.28 -119.28  0.12E-11
  8 20  33.33 -119.28  0.26E-12
  8 20  33.38 -119.28  0.31E-13
  8 20  32.93 -119.23  0.10E-13
  8 20  32.98 -119.23  0.15E-12
  8 20  33.03 -119.23  0.64E-12
  8 20  33.08 -119.23  0.18E-11
  8 20  33.13 -119.23  0.23E-11
  8 20  33.18 -119.23  0.28E-11
  8 20  33.23 -119.23  0.18E-11
  8 20  33.28 -119.23  0.93E-12
  8 20  33.33 -119.23  0.18E-12
  8 20  33.38 -119.23  0.31E-13
  8 20  33.43 -119.23  0.10E-13
  8 20  32.93 -119.18  0.31E-13
  8 20  32.98 -119.18  0.10E-12
  8 20  33.03 -119.18  0.37E-12
  8 20  33.08 -119.18  0.47E-12
  8 20  33.13 -119.18  0.10E-11
  8 20  33.18 -119.18  0.12E-11
  8 20  33.23 -119.18  0.10E-11
  8 20  33.28 -119.18  0.30E-12
  8 20  33.33 -119.18  0.11E-12
  8 20  33.38 -119.18  0.21E-13
  8 20  33.43 -119.18  0.10E-13
  8 20  32.98 -119.13  0.51E-13
  8 20  33.03 -119.13  0.62E-13
  8 20  33.08 -119.13  0.19E-12
  8 20  33.13 -119.13  0.33E-12
  8 20  33.18 -119.13  0.35E-12
  8 20  33.23 -119.13  0.39E-12
  8 20  33.28 -119.13  0.29E-12
  8 20  33.38 -119.13  0.21E-13
  8 20  33.03 -119.08  0.21E-13
  8 20  33.08 -119.08  0.72E-13
  8 20  33.13 -119.08  0.10E-12
  8 20  33.18 -119.08  0.14E-12
  8 20  33.23 -119.08  0.11E-12
  8 20  33.28 -119.08  0.93E-13
  8 20  33.33 -119.08  0.10E-13
  8 20  33.13 -119.03  0.21E-13
  8 20  33.18 -119.03  0.82E-13
  8 20  33.23 -119.03  0.62E-13
  8 20  33.28 -119.03  0.62E-13
  8 20  33.18 -118.98  0.10E-13
  8 20  33.23 -118.98  0.10E-13
  8 20  33.28 -118.98  0.21E-13
  8 20  33.33 -118.98  0.21E-13
  8 20  33.33 -118.93  0.10E-13
