DAY HR    LAT     LON TEST00100
  9 15  29.88 -124.03  0.62E-13
  9 15  29.93 -124.03  0.87E-13
  9 15  29.83 -123.93  0.37E-13
  9 15  29.88 -123.93  0.37E-13
  9 15  29.53 -123.88  0.12E-13
  9 15  29.78 -123.83  0.11E-12
  9 15  29.83 -123.83  0.12E-13
  9 15  28.98 -123.68  0.37E-13
  9 15  29.03 -123.68  0.49E-13
  9 15  29.08 -123.68  0.25E-13
  9 15  29.13 -123.58  0.49E-13
  9 15  29.18 -123.58  0.25E-13
  9 15  30.38 -123.58  0.13E-13
  9 15  30.43 -123.58  0.13E-13
  9 15  28.88 -123.53  0.12E-13
  9 15  30.38 -123.53  0.25E-13
  9 15  29.48 -123.48  0.50E-13
  9 15  29.53 -123.48  0.12E-13
  9 15  29.58 -123.48  0.12E-13
  9 15  29.63 -123.48  0.25E-13
  9 15  29.13 -123.38  0.25E-13
  9 15  29.18 -123.38  0.25E-13
  9 15  29.58 -123.38  0.25E-13
  9 15  29.63 -123.38  0.25E-13
  9 15  29.88 -123.33  0.75E-13
  9 15  29.93 -123.33  0.37E-13
  9 15  29.53 -123.13  0.12E-13
  9 15  29.58 -123.13  0.87E-13
  9 15  29.98 -123.08  0.37E-13
  9 15  30.03 -123.08  0.62E-13
  9 15  30.08 -123.08  0.12E-13
  9 15  29.28 -123.03  0.12E-13
  9 15  29.33 -123.03  0.37E-13
  9 15  29.73 -123.03  0.75E-13
  9 15  28.93 -122.93  0.12E-13
  9 15  28.73 -122.88  0.25E-13
  9 15  28.78 -122.88  0.25E-13
  9 15  29.38 -122.88  0.25E-13
  9 15  29.43 -122.88  0.37E-13
  9 15  29.48 -122.88  0.50E-13
  9 15  28.93 -122.83  0.25E-13
  9 15  29.43 -122.83  0.25E-13
  9 15  29.48 -122.83  0.37E-13
  9 15  29.53 -122.83  0.25E-13
  9 15  28.68 -122.78  0.25E-13
  9 15  28.83 -122.78  0.37E-13
  9 15  28.88 -122.78  0.12E-13
  9 15  28.93 -122.78  0.12E-13
  9 15  28.98 -122.78  0.12E-13
  9 15  28.88 -122.73  0.25E-13
  9 15  28.93 -122.73  0.49E-13
  9 15  28.98 -122.73  0.37E-13
  9 15  29.03 -122.73  0.12E-13
  9 15  28.38 -122.63  0.61E-13
  9 15  28.43 -122.63  0.12E-13
  9 15  28.63 -122.63  0.25E-13
  9 15  28.68 -122.63  0.12E-13
  9 15  28.73 -122.63  0.12E-13
  9 15  28.73 -122.58  0.25E-13
  9 15  28.83 -122.58  0.49E-13
  9 15  28.48 -122.53  0.25E-13
  9 15  28.73 -122.53  0.61E-13
  9 15  28.78 -122.53  0.49E-13
  9 15  28.83 -122.53  0.25E-13
  9 15  28.88 -122.48  0.12E-13
  9 15  28.93 -122.48  0.37E-13
  9 15  28.98 -122.48  0.25E-13
  9 15  28.08 -122.43  0.12E-13
  9 15  28.13 -122.43  0.24E-13
  9 15  28.18 -122.43  0.12E-13
  9 15  28.23 -122.43  0.12E-13
  9 15  29.03 -122.33  0.25E-13
  9 15  29.08 -122.33  0.49E-13
  9 15  29.13 -122.33  0.12E-13
  9 15  28.43 -122.28  0.12E-13
  9 15  28.68 -122.28  0.61E-13
  9 15  28.88 -122.28  0.25E-13
  9 15  28.33 -122.23  0.37E-13
  9 15  28.38 -122.23  0.49E-13
  9 15  28.48 -122.23  0.25E-13
  9 15  28.53 -122.23  0.49E-13
  9 15  28.63 -122.13  0.25E-13
  9 15  28.68 -122.13  0.37E-13
  9 15  28.18 -122.08  0.24E-13
  9 15  28.23 -122.08  0.24E-13
  9 15  28.68 -122.08  0.12E-13
  9 15  28.73 -122.08  0.49E-13
  9 15  28.78 -122.08  0.37E-13
  9 15  28.28 -122.03  0.37E-13
  9 15  28.33 -122.03  0.24E-13
  9 15  28.58 -122.03  0.25E-13
  9 15  28.68 -122.03  0.25E-13
  9 15  28.73 -122.03  0.25E-13
  9 15  28.58 -121.98  0.37E-13
  9 15  28.63 -121.98  0.12E-13
  9 15  27.98 -121.93  0.24E-13
  9 15  28.03 -121.93  0.12E-13
  9 15  28.08 -121.93  0.73E-13
  9 15  28.13 -121.93  0.37E-13
  9 15  28.23 -121.93  0.24E-13
  9 15  28.28 -121.93  0.24E-13
  9 15  28.33 -121.93  0.24E-13
  9 15  28.63 -121.93  0.25E-13
  9 15  28.93 -121.93  0.25E-13
  9 15  27.98 -121.88  0.12E-13
  9 15  28.18 -121.88  0.12E-13
  9 15  28.23 -121.88  0.24E-13
  9 15  28.28 -121.88  0.12E-13
  9 15  28.33 -121.88  0.49E-13
  9 15  28.93 -121.88  0.12E-13
  9 15  28.13 -121.83  0.37E-13
  9 15  28.18 -121.83  0.37E-13
  9 15  28.23 -121.83  0.37E-13
  9 15  28.43 -121.83  0.12E-13
  9 15  28.53 -121.83  0.25E-13
  9 15  28.58 -121.83  0.49E-13
  9 15  28.63 -121.83  0.49E-13
  9 15  28.68 -121.83  0.12E-13
  9 15  28.83 -121.83  0.25E-13
  9 15  28.88 -121.83  0.12E-13
  9 15  28.18 -121.78  0.12E-13
  9 15  28.23 -121.78  0.24E-13
  9 15  28.28 -121.78  0.49E-13
  9 15  28.33 -121.78  0.49E-13
  9 15  28.53 -121.78  0.37E-13
  9 15  28.08 -121.73  0.12E-13
  9 15  28.13 -121.73  0.12E-13
  9 15  28.18 -121.73  0.37E-13
  9 15  28.23 -121.73  0.12E-13
  9 15  28.63 -121.73  0.25E-13
  9 15  28.33 -121.68  0.12E-13
  9 15  28.38 -121.68  0.25E-13
  9 15  28.43 -121.68  0.37E-13
  9 15  28.53 -121.68  0.12E-13
  9 15  28.38 -121.63  0.37E-13
  9 15  28.43 -121.63  0.37E-13
  9 15  28.48 -121.63  0.12E-13
  9 15  28.13 -121.58  0.24E-13
  9 15  28.18 -121.58  0.49E-13
  9 15  28.23 -121.58  0.24E-13
  9 15  28.28 -121.58  0.37E-13
  9 15  28.33 -121.58  0.24E-13
  9 15  28.38 -121.58  0.37E-13
  9 15  28.43 -121.58  0.25E-13
  9 15  28.58 -121.58  0.12E-13
  9 15  27.98 -121.53  0.12E-13
  9 15  28.03 -121.53  0.24E-13
  9 15  28.23 -121.53  0.24E-13
  9 15  28.28 -121.53  0.98E-13
  9 15  28.33 -121.53  0.86E-13
  9 15  28.38 -121.53  0.61E-13
  9 15  28.58 -121.53  0.25E-13
  9 15  28.63 -121.53  0.49E-13
  9 15  28.68 -121.53  0.49E-13
  9 15  28.73 -121.53  0.25E-13
  9 15  28.18 -121.48  0.12E-13
  9 15  28.23 -121.48  0.24E-13
  9 15  28.33 -121.48  0.12E-13
  9 15  28.48 -121.48  0.86E-13
  9 15  28.78 -121.48  0.37E-13
  9 15  28.83 -121.48  0.12E-13
  9 15  28.88 -121.48  0.12E-13
  9 15  28.13 -121.43  0.12E-13
  9 15  28.48 -121.43  0.12E-13
  9 15  27.93 -121.38  0.12E-13
  9 15  28.18 -121.38  0.12E-13
  9 15  28.23 -121.38  0.12E-13
  9 15  28.33 -121.33  0.37E-13
  9 15  28.38 -121.33  0.49E-13
  9 15  28.43 -121.33  0.12E-13
  9 15  28.13 -121.28  0.12E-13
  9 15  28.28 -121.28  0.24E-13
  9 15  28.33 -121.28  0.24E-13
  9 15  28.03 -121.23  0.12E-13
  9 15  28.08 -121.23  0.37E-13
  9 15  28.13 -121.23  0.12E-13
  9 15  28.33 -121.23  0.37E-13
  9 15  28.38 -121.23  0.25E-13
  9 15  28.43 -121.23  0.12E-13
  9 15  28.48 -121.23  0.12E-13
  9 15  28.13 -121.18  0.24E-13
  9 15  28.13 -121.13  0.37E-13
  9 15  28.23 -121.13  0.24E-13
  9 15  28.08 -121.08  0.24E-13
  9 15  27.88 -121.03  0.12E-13
  9 15  27.93 -121.03  0.61E-13
  9 15  28.03 -121.03  0.61E-13
  9 15  28.08 -121.03  0.12E-13
  9 15  28.13 -121.03  0.12E-13
  9 15  28.18 -121.03  0.37E-13
  9 15  28.23 -121.03  0.37E-13
  9 15  28.28 -121.03  0.61E-13
  9 15  28.33 -121.03  0.25E-13
  9 15  28.03 -120.98  0.12E-13
  9 15  28.08 -120.98  0.24E-13
  9 15  28.18 -120.98  0.49E-13
  9 15  28.23 -120.98  0.24E-13
  9 15  28.28 -120.98  0.12E-13
  9 15  28.33 -120.98  0.24E-13
  9 15  28.38 -120.98  0.12E-13
  9 15  27.58 -120.93  0.12E-13
  9 15  27.63 -120.93  0.24E-13
  9 15  27.78 -120.93  0.37E-13
  9 15  27.83 -120.93  0.37E-13
  9 15  27.88 -120.93  0.12E-13
  9 15  27.93 -120.93  0.12E-13
  9 15  27.98 -120.93  0.12E-13
  9 15  28.08 -120.93  0.24E-13
  9 15  28.13 -120.93  0.24E-13
  9 15  28.13 -120.88  0.24E-13
  9 15  28.18 -120.88  0.24E-13
  9 15  27.73 -120.83  0.12E-13
  9 15  27.78 -120.83  0.24E-13
  9 15  27.83 -120.83  0.24E-13
  9 15  28.08 -120.83  0.24E-13
  9 15  28.13 -120.83  0.12E-13
  9 15  27.73 -120.78  0.24E-13
  9 15  28.08 -120.78  0.37E-13
  9 15  28.13 -120.78  0.24E-13
  9 15  28.23 -120.78  0.24E-13
  9 15  28.28 -120.78  0.24E-13
  9 15  28.33 -120.78  0.24E-13
  9 15  28.48 -120.78  0.25E-13
  9 15  28.53 -120.78  0.25E-13
  9 15  28.58 -120.78  0.12E-13
  9 15  28.63 -120.78  0.12E-13
  9 15  28.73 -120.78  0.25E-13
  9 15  28.83 -120.78  0.12E-13
  9 15  28.88 -120.78  0.12E-13
  9 15  27.93 -120.73  0.12E-13
  9 15  27.98 -120.73  0.61E-13
  9 15  28.13 -120.73  0.12E-13
  9 15  28.18 -120.73  0.12E-13
  9 15  28.23 -120.73  0.24E-13
  9 15  28.28 -120.73  0.37E-13
  9 15  27.68 -120.68  0.12E-13
  9 15  27.73 -120.68  0.49E-13
  9 15  27.78 -120.68  0.73E-13
  9 15  27.83 -120.68  0.12E-13
  9 15  27.88 -120.68  0.61E-13
  9 15  27.93 -120.68  0.85E-13
  9 15  27.98 -120.68  0.49E-13
  9 15  28.03 -120.68  0.37E-13
  9 15  28.08 -120.68  0.12E-13
  9 15  28.33 -120.68  0.25E-13
  9 15  28.38 -120.68  0.12E-13
  9 15  28.43 -120.68  0.74E-13
  9 15  28.48 -120.68  0.25E-13
  9 15  27.63 -120.63  0.24E-13
  9 15  27.68 -120.63  0.24E-13
  9 15  27.73 -120.63  0.37E-13
  9 15  27.78 -120.63  0.24E-13
  9 15  27.83 -120.63  0.37E-13
  9 15  27.88 -120.63  0.24E-13
  9 15  27.98 -120.63  0.12E-13
  9 15  28.03 -120.63  0.24E-13
  9 15  28.13 -120.63  0.24E-13
  9 15  28.18 -120.63  0.37E-13
  9 15  28.23 -120.63  0.24E-13
  9 15  28.28 -120.63  0.49E-13
  9 15  28.33 -120.63  0.74E-13
  9 15  28.38 -120.63  0.12E-13
  9 15  28.48 -120.63  0.12E-13
  9 15  27.83 -120.58  0.12E-13
  9 15  27.88 -120.58  0.73E-13
  9 15  27.93 -120.58  0.37E-13
  9 15  27.98 -120.58  0.61E-13
  9 15  28.03 -120.58  0.61E-13
  9 15  28.08 -120.58  0.49E-13
  9 15  28.13 -120.58  0.61E-13
  9 15  28.18 -120.58  0.61E-13
  9 15  28.23 -120.58  0.12E-13
  9 15  28.38 -120.53  0.37E-13
  9 15  28.43 -120.53  0.37E-13
  9 15  28.48 -120.53  0.12E-13
  9 15  27.73 -120.48  0.24E-13
  9 15  27.78 -120.48  0.12E-13
  9 15  28.03 -120.48  0.12E-13
  9 15  28.33 -120.48  0.61E-13
  9 15  28.38 -120.48  0.37E-13
  9 15  28.43 -120.48  0.25E-13
  9 15  27.43 -120.43  0.12E-13
  9 15  27.53 -120.43  0.12E-13
  9 15  27.88 -120.43  0.37E-13
  9 15  27.98 -120.43  0.24E-13
  9 15  28.03 -120.43  0.12E-13
  9 15  28.08 -120.43  0.37E-13
  9 15  28.13 -120.43  0.12E-13
  9 15  28.33 -120.43  0.24E-13
  9 15  27.63 -120.38  0.12E-13
  9 15  27.68 -120.38  0.37E-13
  9 15  27.73 -120.38  0.12E-13
  9 15  27.83 -120.38  0.37E-13
  9 15  27.93 -120.38  0.12E-13
  9 15  27.98 -120.38  0.61E-13
  9 15  28.03 -120.38  0.12E-13
  9 15  28.18 -120.38  0.12E-13
  9 15  28.23 -120.38  0.12E-13
  9 15  28.53 -120.38  0.12E-13
  9 15  28.58 -120.38  0.37E-13
  9 15  27.43 -120.33  0.36E-13
  9 15  27.48 -120.33  0.36E-13
  9 15  27.53 -120.33  0.36E-13
  9 15  27.58 -120.33  0.24E-13
  9 15  27.63 -120.33  0.24E-13
  9 15  27.68 -120.33  0.24E-13
  9 15  27.73 -120.33  0.12E-13
  9 15  27.83 -120.33  0.37E-13
  9 15  27.88 -120.33  0.73E-13
  9 15  27.93 -120.33  0.11E-12
  9 15  27.98 -120.33  0.73E-13
  9 15  28.03 -120.33  0.24E-13
  9 15  28.08 -120.33  0.73E-13
  9 15  28.13 -120.33  0.49E-13
  9 15  28.18 -120.33  0.37E-13
  9 15  28.28 -120.33  0.12E-13
  9 15  28.33 -120.33  0.37E-13
  9 15  28.48 -120.33  0.37E-13
  9 15  28.53 -120.33  0.25E-13
  9 15  27.53 -120.28  0.12E-13
  9 15  27.58 -120.28  0.36E-13
  9 15  27.78 -120.28  0.12E-13
  9 15  27.83 -120.28  0.37E-13
  9 15  27.88 -120.28  0.73E-13
  9 15  27.93 -120.28  0.61E-13
  9 15  27.98 -120.28  0.49E-13
  9 15  28.03 -120.28  0.12E-13
  9 15  28.08 -120.28  0.37E-13
  9 15  28.18 -120.28  0.37E-13
  9 15  28.23 -120.28  0.12E-13
  9 15  28.28 -120.28  0.24E-13
  9 15  27.68 -120.23  0.12E-13
  9 15  27.73 -120.23  0.12E-13
  9 15  27.78 -120.23  0.73E-13
  9 15  27.83 -120.23  0.61E-13
  9 15  27.88 -120.23  0.49E-13
  9 15  27.93 -120.23  0.37E-13
  9 15  27.98 -120.23  0.49E-13
  9 15  28.03 -120.23  0.37E-13
  9 15  28.08 -120.23  0.12E-13
  9 15  28.18 -120.23  0.12E-13
  9 15  28.23 -120.23  0.12E-13
  9 15  28.28 -120.23  0.37E-13
  9 15  28.33 -120.23  0.24E-13
  9 15  27.93 -120.18  0.37E-13
  9 15  27.98 -120.18  0.49E-13
  9 15  28.03 -120.18  0.37E-13
  9 15  28.08 -120.18  0.37E-13
  9 15  28.13 -120.18  0.12E-13
  9 15  28.18 -120.18  0.49E-13
  9 15  27.73 -120.13  0.24E-13
  9 15  27.78 -120.13  0.49E-13
  9 15  27.83 -120.13  0.24E-13
  9 15  27.93 -120.13  0.24E-13
  9 15  27.98 -120.13  0.37E-13
  9 15  28.13 -120.13  0.24E-13
  9 15  28.18 -120.13  0.86E-13
  9 15  28.23 -120.13  0.49E-13
  9 15  28.28 -120.13  0.37E-13
  9 15  28.33 -120.13  0.37E-13
  9 15  28.38 -120.13  0.37E-13
  9 15  27.63 -120.08  0.24E-13
  9 15  27.78 -120.08  0.24E-13
  9 15  27.98 -120.08  0.37E-13
  9 15  28.03 -120.08  0.37E-13
  9 15  28.13 -120.08  0.12E-13
  9 15  28.18 -120.08  0.49E-13
  9 15  28.23 -120.08  0.37E-13
  9 15  28.28 -120.08  0.61E-13
  9 15  28.33 -120.08  0.37E-13
  9 15  28.38 -120.08  0.61E-13
  9 15  28.43 -120.08  0.37E-13
  9 15  27.83 -120.03  0.12E-13
  9 15  27.88 -120.03  0.24E-13
  9 15  27.93 -120.03  0.73E-13
  9 15  27.98 -120.03  0.49E-13
  9 15  28.03 -120.03  0.24E-13
  9 15  28.08 -120.03  0.24E-13
  9 15  28.13 -120.03  0.12E-13
  9 15  28.18 -120.03  0.37E-13
  9 15  28.23 -120.03  0.49E-13
  9 15  28.28 -120.03  0.12E-13
  9 15  28.33 -120.03  0.24E-13
  9 15  28.43 -120.03  0.25E-13
  9 15  28.48 -120.03  0.12E-13
  9 15  27.83 -119.98  0.49E-13
  9 15  27.88 -119.98  0.12E-13
  9 15  27.93 -119.98  0.61E-13
  9 15  27.98 -119.98  0.73E-13
  9 15  28.03 -119.98  0.49E-13
  9 15  28.08 -119.98  0.98E-13
  9 15  28.13 -119.98  0.13E-12
  9 15  28.18 -119.98  0.11E-12
  9 15  28.23 -119.98  0.11E-12
  9 15  28.28 -119.98  0.24E-13
  9 15  27.88 -119.93  0.12E-13
  9 15  27.93 -119.93  0.12E-12
  9 15  27.98 -119.93  0.21E-12
  9 15  28.03 -119.93  0.13E-12
  9 15  28.08 -119.93  0.98E-13
  9 15  28.13 -119.93  0.37E-13
  9 15  28.18 -119.93  0.11E-12
  9 15  28.23 -119.93  0.37E-13
  9 15  28.28 -119.93  0.12E-13
  9 15  27.38 -119.88  0.12E-13
  9 15  27.43 -119.88  0.36E-13
  9 15  27.48 -119.88  0.36E-13
  9 15  27.83 -119.88  0.37E-13
  9 15  27.88 -119.88  0.98E-13
  9 15  27.93 -119.88  0.85E-13
  9 15  27.98 -119.88  0.13E-12
  9 15  28.03 -119.88  0.15E-12
  9 15  28.08 -119.88  0.12E-12
  9 15  28.13 -119.88  0.86E-13
  9 15  28.38 -119.88  0.37E-13
  9 15  28.43 -119.88  0.61E-13
  9 15  28.48 -119.88  0.25E-13
  9 15  28.53 -119.88  0.25E-13
  9 15  28.83 -119.88  0.25E-13
  9 15  27.78 -119.83  0.24E-13
  9 15  27.83 -119.83  0.37E-13
  9 15  27.88 -119.83  0.12E-13
  9 15  27.93 -119.83  0.49E-13
  9 15  27.98 -119.83  0.12E-13
  9 15  28.13 -119.83  0.73E-13
  9 15  28.18 -119.83  0.98E-13
  9 15  28.23 -119.83  0.73E-13
  9 15  28.28 -119.83  0.24E-13
  9 15  28.33 -119.83  0.25E-13
  9 15  28.38 -119.83  0.25E-13
  9 15  28.43 -119.83  0.12E-13
  9 15  27.83 -119.78  0.24E-13
  9 15  27.88 -119.78  0.37E-13
  9 15  27.93 -119.78  0.37E-13
  9 15  27.98 -119.78  0.49E-13
  9 15  28.03 -119.78  0.20E-12
  9 15  28.08 -119.78  0.12E-12
  9 15  28.13 -119.78  0.98E-13
  9 15  28.18 -119.78  0.49E-13
  9 15  28.23 -119.78  0.12E-13
  9 15  28.28 -119.78  0.24E-13
  9 15  28.33 -119.78  0.25E-13
  9 15  28.38 -119.78  0.12E-13
  9 15  27.78 -119.73  0.12E-13
  9 15  27.83 -119.73  0.24E-13
  9 15  27.88 -119.73  0.73E-13
  9 15  27.98 -119.73  0.49E-13
  9 15  28.03 -119.73  0.12E-12
  9 15  28.08 -119.73  0.73E-13
  9 15  28.13 -119.73  0.37E-13
  9 15  28.18 -119.73  0.61E-13
  9 15  28.23 -119.73  0.12E-13
  9 15  28.28 -119.73  0.12E-13
  9 15  28.33 -119.73  0.37E-13
  9 15  28.38 -119.73  0.37E-13
  9 15  28.43 -119.73  0.25E-13
  9 15  28.48 -119.73  0.37E-13
  9 15  27.53 -119.68  0.24E-13
  9 15  27.58 -119.68  0.12E-13
  9 15  27.88 -119.68  0.12E-13
  9 15  27.98 -119.68  0.37E-13
  9 15  28.03 -119.68  0.12E-13
  9 15  28.08 -119.68  0.73E-13
  9 15  28.13 -119.68  0.13E-12
  9 15  28.18 -119.68  0.98E-13
  9 15  28.23 -119.68  0.73E-13
  9 15  28.28 -119.68  0.12E-12
  9 15  28.33 -119.68  0.74E-13
  9 15  28.38 -119.68  0.74E-13
  9 15  28.43 -119.68  0.12E-13
  9 15  28.48 -119.68  0.25E-13
  9 15  28.58 -119.68  0.37E-13
  9 15  28.88 -119.68  0.12E-13
  9 15  27.63 -119.63  0.24E-13
  9 15  27.68 -119.63  0.37E-13
  9 15  27.73 -119.63  0.12E-13
  9 15  27.88 -119.63  0.73E-13
  9 15  27.93 -119.63  0.49E-13
  9 15  27.98 -119.63  0.61E-13
  9 15  28.03 -119.63  0.15E-12
  9 15  28.08 -119.63  0.11E-12
  9 15  28.13 -119.63  0.86E-13
  9 15  28.18 -119.63  0.37E-13
  9 15  28.23 -119.63  0.13E-12
  9 15  28.28 -119.63  0.12E-12
  9 15  28.33 -119.63  0.86E-13
  9 15  28.38 -119.63  0.37E-13
  9 15  28.43 -119.63  0.86E-13
  9 15  28.48 -119.63  0.37E-13
  9 15  28.53 -119.63  0.37E-13
  9 15  28.63 -119.63  0.12E-13
  9 15  28.68 -119.63  0.37E-13
  9 15  28.73 -119.63  0.25E-13
  9 15  28.78 -119.63  0.37E-13
  9 15  28.83 -119.63  0.37E-13
  9 15  28.88 -119.63  0.25E-13
  9 15  27.88 -119.58  0.24E-13
  9 15  27.93 -119.58  0.73E-13
  9 15  27.98 -119.58  0.61E-13
  9 15  28.03 -119.58  0.37E-13
  9 15  28.08 -119.58  0.37E-13
  9 15  28.13 -119.58  0.37E-13
  9 15  28.18 -119.58  0.49E-13
  9 15  28.23 -119.58  0.61E-13
  9 15  28.28 -119.58  0.24E-13
  9 15  28.33 -119.58  0.12E-13
  9 15  28.38 -119.58  0.37E-13
  9 15  28.43 -119.58  0.37E-13
  9 15  28.48 -119.58  0.61E-13
  9 15  28.53 -119.58  0.37E-13
  9 15  28.58 -119.58  0.61E-13
  9 15  28.63 -119.58  0.25E-13
  9 15  27.88 -119.53  0.24E-13
  9 15  27.98 -119.53  0.12E-13
  9 15  28.03 -119.53  0.24E-13
  9 15  28.08 -119.53  0.37E-13
  9 15  28.13 -119.53  0.86E-13
  9 15  28.18 -119.53  0.12E-13
  9 15  28.33 -119.53  0.24E-13
  9 15  28.58 -119.53  0.25E-13
  9 15  28.63 -119.53  0.37E-13
  9 15  28.68 -119.53  0.12E-13
  9 15  28.73 -119.53  0.12E-13
  9 15  27.73 -119.48  0.24E-13
  9 15  27.78 -119.48  0.24E-13
  9 15  27.88 -119.48  0.24E-13
  9 15  27.93 -119.48  0.37E-13
  9 15  27.98 -119.48  0.85E-13
  9 15  28.03 -119.48  0.98E-13
  9 15  28.08 -119.48  0.13E-12
  9 15  28.13 -119.48  0.13E-12
  9 15  28.18 -119.48  0.11E-12
  9 15  28.23 -119.48  0.11E-12
  9 15  28.28 -119.48  0.49E-13
  9 15  28.33 -119.48  0.37E-13
  9 15  28.38 -119.48  0.49E-13
  9 15  28.43 -119.48  0.12E-13
  9 15  28.53 -119.48  0.74E-13
  9 15  28.58 -119.48  0.49E-13
  9 15  28.63 -119.48  0.37E-13
  9 15  28.68 -119.48  0.12E-13
  9 15  28.73 -119.48  0.25E-13
  9 15  28.78 -119.48  0.12E-13
  9 15  27.83 -119.43  0.12E-13
  9 15  27.88 -119.43  0.49E-13
  9 15  27.93 -119.43  0.49E-13
  9 15  27.98 -119.43  0.12E-12
  9 15  28.03 -119.43  0.12E-12
  9 15  28.08 -119.43  0.15E-12
  9 15  28.13 -119.43  0.15E-12
  9 15  28.18 -119.43  0.86E-13
  9 15  28.23 -119.43  0.15E-12
  9 15  28.28 -119.43  0.73E-13
  9 15  28.33 -119.43  0.73E-13
  9 15  28.38 -119.43  0.74E-13
  9 15  28.43 -119.43  0.37E-13
  9 15  28.53 -119.43  0.37E-13
  9 15  28.58 -119.43  0.74E-13
  9 15  28.63 -119.43  0.25E-13
  9 15  28.68 -119.43  0.37E-13
  9 15  28.73 -119.43  0.12E-13
  9 15  27.68 -119.38  0.12E-13
  9 15  27.73 -119.38  0.37E-13
  9 15  27.83 -119.38  0.12E-13
  9 15  27.98 -119.38  0.37E-13
  9 15  28.03 -119.38  0.37E-13
  9 15  28.08 -119.38  0.98E-13
  9 15  28.18 -119.38  0.24E-13
  9 15  28.23 -119.38  0.49E-13
  9 15  28.28 -119.38  0.11E-12
  9 15  28.33 -119.38  0.12E-12
  9 15  28.38 -119.38  0.49E-13
  9 15  28.43 -119.38  0.37E-13
  9 15  28.48 -119.38  0.49E-13
  9 15  28.53 -119.38  0.25E-13
  9 15  27.68 -119.33  0.24E-13
  9 15  27.78 -119.33  0.24E-13
  9 15  27.83 -119.33  0.37E-13
  9 15  27.88 -119.33  0.49E-13
  9 15  27.93 -119.33  0.24E-13
  9 15  27.98 -119.33  0.12E-13
  9 15  28.03 -119.33  0.73E-13
  9 15  28.08 -119.33  0.12E-12
  9 15  28.13 -119.33  0.17E-12
  9 15  28.18 -119.33  0.17E-12
  9 15  28.23 -119.33  0.86E-13
  9 15  28.28 -119.33  0.73E-13
  9 15  28.33 -119.33  0.24E-13
  9 15  28.38 -119.33  0.12E-13
  9 15  28.43 -119.33  0.37E-13
  9 15  28.48 -119.33  0.12E-13
  9 15  27.88 -119.28  0.37E-13
  9 15  27.93 -119.28  0.49E-13
  9 15  27.98 -119.28  0.11E-12
  9 15  28.03 -119.28  0.12E-12
  9 15  28.08 -119.28  0.86E-13
  9 15  28.13 -119.28  0.11E-12
  9 15  28.18 -119.28  0.11E-12
  9 15  28.23 -119.28  0.61E-13
  9 15  28.28 -119.28  0.73E-13
  9 15  28.33 -119.28  0.25E-13
  9 15  28.58 -119.28  0.12E-13
  9 15  28.63 -119.28  0.37E-13
  9 15  28.68 -119.28  0.37E-13
  9 15  28.98 -119.28  0.37E-13
  9 15  29.03 -119.28  0.25E-13
  9 15  27.83 -119.23  0.12E-13
  9 15  27.98 -119.23  0.12E-13
  9 15  28.03 -119.23  0.12E-13
  9 15  28.08 -119.23  0.12E-13
  9 15  28.13 -119.23  0.49E-13
  9 15  28.18 -119.23  0.86E-13
  9 15  28.23 -119.23  0.37E-13
  9 15  28.28 -119.23  0.37E-13
  9 15  28.33 -119.23  0.37E-13
  9 15  28.43 -119.23  0.25E-13
  9 15  28.48 -119.23  0.25E-13
  9 15  28.53 -119.23  0.12E-12
  9 15  28.58 -119.23  0.74E-13
  9 15  27.83 -119.18  0.49E-13
  9 15  27.88 -119.18  0.98E-13
  9 15  27.93 -119.18  0.73E-13
  9 15  27.98 -119.18  0.37E-13
  9 15  28.03 -119.18  0.73E-13
  9 15  28.08 -119.18  0.37E-13
  9 15  28.13 -119.18  0.37E-13
  9 15  28.18 -119.18  0.37E-13
  9 15  28.23 -119.18  0.49E-13
  9 15  28.28 -119.18  0.12E-13
  9 15  28.38 -119.18  0.61E-13
  9 15  28.43 -119.18  0.13E-12
  9 15  28.48 -119.18  0.86E-13
  9 15  28.53 -119.18  0.74E-13
  9 15  28.58 -119.18  0.98E-13
  9 15  28.63 -119.18  0.25E-13
  9 15  27.78 -119.13  0.12E-13
  9 15  27.83 -119.13  0.12E-13
  9 15  27.93 -119.13  0.12E-13
  9 15  27.98 -119.13  0.85E-13
  9 15  28.03 -119.13  0.24E-13
  9 15  28.08 -119.13  0.24E-13
  9 15  28.18 -119.13  0.37E-13
  9 15  28.23 -119.13  0.98E-13
  9 15  28.28 -119.13  0.16E-12
  9 15  28.33 -119.13  0.73E-13
  9 15  28.38 -119.13  0.49E-13
  9 15  28.43 -119.13  0.25E-13
  9 15  28.53 -119.13  0.74E-13
  9 15  28.68 -119.13  0.25E-13
  9 15  28.73 -119.13  0.37E-13
  9 15  28.78 -119.13  0.49E-13
  9 15  27.88 -119.08  0.49E-13
  9 15  27.93 -119.08  0.98E-13
  9 15  27.98 -119.08  0.61E-13
  9 15  28.03 -119.08  0.24E-13
  9 15  28.08 -119.08  0.98E-13
  9 15  28.13 -119.08  0.98E-13
  9 15  28.18 -119.08  0.12E-12
  9 15  28.23 -119.08  0.15E-12
  9 15  28.28 -119.08  0.73E-13
  9 15  28.33 -119.08  0.49E-13
  9 15  28.38 -119.08  0.49E-13
  9 15  28.43 -119.08  0.37E-13
  9 15  28.48 -119.08  0.49E-13
  9 15  28.53 -119.08  0.25E-13
  9 15  28.63 -119.08  0.25E-13
  9 15  28.68 -119.08  0.12E-13
  9 15  27.83 -119.03  0.12E-13
  9 15  27.88 -119.03  0.24E-13
  9 15  28.03 -119.03  0.12E-13
  9 15  28.08 -119.03  0.49E-13
  9 15  28.13 -119.03  0.37E-13
  9 15  28.18 -119.03  0.49E-13
  9 15  28.23 -119.03  0.73E-13
  9 15  28.28 -119.03  0.98E-13
  9 15  28.33 -119.03  0.86E-13
  9 15  28.38 -119.03  0.12E-12
  9 15  28.43 -119.03  0.98E-13
  9 15  28.48 -119.03  0.49E-13
  9 15  28.53 -119.03  0.12E-13
  9 15  28.58 -119.03  0.37E-13
  9 15  28.63 -119.03  0.12E-13
  9 15  27.98 -118.98  0.37E-13
  9 15  28.03 -118.98  0.73E-13
  9 15  28.08 -118.98  0.49E-13
  9 15  28.13 -118.98  0.12E-13
  9 15  28.18 -118.98  0.49E-13
  9 15  28.23 -118.98  0.11E-12
  9 15  28.28 -118.98  0.86E-13
  9 15  28.33 -118.98  0.15E-12
  9 15  28.38 -118.98  0.61E-13
  9 15  28.43 -118.98  0.86E-13
  9 15  28.48 -118.98  0.61E-13
  9 15  28.53 -118.98  0.25E-13
  9 15  27.68 -118.93  0.12E-13
  9 15  27.88 -118.93  0.24E-13
  9 15  27.93 -118.93  0.73E-13
  9 15  27.98 -118.93  0.61E-13
  9 15  28.03 -118.93  0.37E-13
  9 15  28.08 -118.93  0.12E-13
  9 15  28.13 -118.93  0.73E-13
  9 15  28.18 -118.93  0.11E-12
  9 15  28.23 -118.93  0.86E-13
  9 15  28.28 -118.93  0.98E-13
  9 15  28.33 -118.93  0.86E-13
  9 15  28.38 -118.93  0.21E-12
  9 15  28.43 -118.93  0.20E-12
  9 15  28.48 -118.93  0.25E-13
  9 15  28.53 -118.93  0.25E-13
  9 15  28.58 -118.93  0.25E-13
  9 15  28.63 -118.93  0.61E-13
  9 15  28.68 -118.93  0.37E-13
  9 15  28.73 -118.93  0.37E-13
  9 15  28.83 -118.93  0.25E-13
  9 15  28.88 -118.93  0.12E-13
  9 15  29.23 -118.93  0.12E-13
  9 15  27.98 -118.88  0.24E-13
  9 15  28.03 -118.88  0.37E-13
  9 15  28.08 -118.88  0.98E-13
  9 15  28.13 -118.88  0.11E-12
  9 15  28.18 -118.88  0.98E-13
  9 15  28.23 -118.88  0.73E-13
  9 15  28.28 -118.88  0.86E-13
  9 15  28.33 -118.88  0.74E-13
  9 15  28.43 -118.88  0.49E-13
  9 15  28.48 -118.88  0.61E-13
  9 15  28.53 -118.88  0.74E-13
  9 15  28.58 -118.88  0.74E-13
  9 15  28.63 -118.88  0.74E-13
  9 15  28.68 -118.88  0.61E-13
  9 15  29.13 -118.88  0.12E-13
  9 15  29.18 -118.88  0.74E-13
  9 15  29.23 -118.88  0.25E-13
  9 15  29.38 -118.88  0.12E-13
  9 15  28.03 -118.83  0.24E-13
  9 15  28.08 -118.83  0.37E-13
  9 15  28.23 -118.83  0.12E-13
  9 15  28.28 -118.83  0.37E-13
  9 15  28.33 -118.83  0.37E-13
  9 15  28.38 -118.83  0.61E-13
  9 15  28.43 -118.83  0.86E-13
  9 15  28.48 -118.83  0.12E-12
  9 15  28.53 -118.83  0.98E-13
  9 15  28.58 -118.83  0.86E-13
  9 15  28.63 -118.83  0.37E-13
  9 15  28.68 -118.83  0.61E-13
  9 15  28.73 -118.83  0.25E-13
  9 15  28.78 -118.83  0.25E-13
  9 15  28.83 -118.83  0.25E-13
  9 15  28.88 -118.83  0.25E-13
  9 15  28.93 -118.83  0.12E-13
  9 15  29.03 -118.83  0.12E-13
  9 15  29.18 -118.83  0.12E-13
  9 15  29.23 -118.83  0.37E-13
  9 15  29.28 -118.83  0.25E-13
  9 15  29.33 -118.83  0.25E-13
  9 15  29.38 -118.83  0.25E-13
  9 15  27.93 -118.78  0.24E-13
  9 15  27.98 -118.78  0.37E-13
  9 15  28.18 -118.78  0.24E-13
  9 15  28.23 -118.78  0.24E-13
  9 15  28.28 -118.78  0.61E-13
  9 15  28.33 -118.78  0.11E-12
  9 15  28.38 -118.78  0.86E-13
  9 15  28.43 -118.78  0.49E-13
  9 15  28.48 -118.78  0.25E-13
  9 15  28.53 -118.78  0.74E-13
  9 15  28.58 -118.78  0.86E-13
  9 15  28.63 -118.78  0.74E-13
  9 15  28.68 -118.78  0.37E-13
  9 15  28.73 -118.78  0.25E-13
  9 15  28.78 -118.78  0.12E-13
  9 15  29.08 -118.78  0.37E-13
  9 15  28.13 -118.73  0.24E-13
  9 15  28.18 -118.73  0.37E-13
  9 15  28.23 -118.73  0.61E-13
  9 15  28.28 -118.73  0.73E-13
  9 15  28.33 -118.73  0.12E-13
  9 15  28.38 -118.73  0.49E-13
  9 15  28.43 -118.73  0.11E-12
  9 15  28.48 -118.73  0.98E-13
  9 15  28.53 -118.73  0.74E-13
  9 15  28.58 -118.73  0.61E-13
  9 15  28.63 -118.73  0.12E-13
  9 15  28.73 -118.73  0.12E-13
  9 15  28.78 -118.73  0.62E-13
  9 15  28.83 -118.73  0.49E-13
  9 15  28.88 -118.73  0.25E-13
  9 15  28.93 -118.73  0.12E-13
  9 15  28.98 -118.73  0.12E-13
  9 15  29.03 -118.73  0.62E-13
  9 15  29.08 -118.73  0.37E-13
  9 15  29.13 -118.73  0.37E-13
  9 15  29.18 -118.73  0.12E-13
  9 15  27.88 -118.68  0.24E-13
  9 15  28.13 -118.68  0.12E-13
  9 15  28.18 -118.68  0.12E-13
  9 15  28.23 -118.68  0.37E-13
  9 15  28.28 -118.68  0.61E-13
  9 15  28.33 -118.68  0.49E-13
  9 15  28.38 -118.68  0.25E-13
  9 15  28.43 -118.68  0.25E-13
  9 15  28.48 -118.68  0.25E-13
  9 15  28.53 -118.68  0.12E-13
  9 15  28.58 -118.68  0.61E-13
  9 15  28.68 -118.68  0.12E-13
  9 15  28.73 -118.68  0.25E-13
  9 15  28.83 -118.68  0.12E-13
  9 15  28.88 -118.68  0.25E-13
  9 15  28.93 -118.68  0.74E-13
  9 15  28.98 -118.68  0.37E-13
  9 15  29.03 -118.68  0.49E-13
  9 15  29.08 -118.68  0.49E-13
  9 15  29.13 -118.68  0.12E-13
  9 15  28.23 -118.63  0.37E-13
  9 15  28.28 -118.63  0.49E-13
  9 15  28.33 -118.63  0.37E-13
  9 15  28.38 -118.63  0.25E-13
  9 15  28.43 -118.63  0.25E-13
  9 15  28.48 -118.63  0.25E-13
  9 15  28.53 -118.63  0.49E-13
  9 15  28.58 -118.63  0.37E-13
  9 15  28.63 -118.63  0.37E-13
  9 15  28.68 -118.63  0.25E-13
  9 15  28.73 -118.63  0.49E-13
  9 15  28.78 -118.63  0.62E-13
  9 15  28.83 -118.63  0.25E-13
  9 15  28.88 -118.63  0.37E-13
  9 15  28.93 -118.63  0.12E-13
  9 15  28.98 -118.63  0.25E-13
  9 15  29.03 -118.63  0.25E-13
  9 15  29.18 -118.63  0.12E-13
  9 15  29.23 -118.63  0.25E-13
  9 15  29.28 -118.63  0.25E-13
  9 15  29.33 -118.63  0.12E-13
  9 15  28.18 -118.58  0.37E-13
  9 15  28.23 -118.58  0.49E-13
  9 15  28.28 -118.58  0.49E-13
  9 15  28.33 -118.58  0.49E-13
  9 15  28.38 -118.58  0.37E-13
  9 15  28.43 -118.58  0.37E-13
  9 15  28.48 -118.58  0.61E-13
  9 15  28.53 -118.58  0.49E-13
  9 15  28.58 -118.58  0.12E-13
  9 15  28.73 -118.58  0.25E-13
  9 15  28.78 -118.58  0.49E-13
  9 15  28.83 -118.58  0.86E-13
  9 15  28.88 -118.58  0.74E-13
  9 15  28.93 -118.58  0.62E-13
  9 15  28.98 -118.58  0.25E-13
  9 15  29.03 -118.58  0.25E-13
  9 15  29.08 -118.58  0.12E-13
  9 15  29.13 -118.58  0.12E-13
  9 15  29.18 -118.58  0.12E-13
  9 15  29.23 -118.58  0.12E-13
  9 15  29.28 -118.58  0.12E-13
  9 15  29.33 -118.58  0.37E-13
  9 15  29.38 -118.58  0.12E-13
  9 15  28.33 -118.53  0.37E-13
  9 15  28.38 -118.53  0.49E-13
  9 15  28.43 -118.53  0.25E-13
  9 15  28.73 -118.53  0.25E-13
  9 15  28.78 -118.53  0.12E-13
  9 15  28.88 -118.53  0.25E-13
  9 15  29.03 -118.53  0.12E-13
  9 15  29.08 -118.53  0.49E-13
  9 15  29.13 -118.53  0.49E-13
  9 15  29.18 -118.53  0.49E-13
  9 15  29.23 -118.53  0.37E-13
  9 15  29.28 -118.53  0.12E-13
  9 15  29.43 -118.53  0.37E-13
  9 15  28.83 -118.48  0.12E-13
  9 15  28.88 -118.48  0.12E-13
  9 15  28.93 -118.48  0.25E-13
  9 15  29.23 -118.48  0.12E-13
  9 15  29.33 -118.48  0.37E-13
  9 15  29.38 -118.48  0.25E-13
  9 15  28.73 -118.43  0.12E-13
  9 15  28.78 -118.43  0.62E-13
  9 15  28.83 -118.43  0.49E-13
  9 15  28.88 -118.43  0.37E-13
  9 15  29.03 -118.43  0.12E-13
  9 15  29.08 -118.43  0.12E-13
  9 15  29.28 -118.43  0.37E-13
  9 15  28.68 -118.38  0.12E-13
  9 15  28.73 -118.38  0.37E-13
  9 15  29.03 -118.38  0.25E-13
  9 15  29.08 -118.38  0.25E-13
  9 15  29.38 -118.38  0.12E-13
  9 15  29.43 -118.38  0.37E-13
  9 15  28.78 -118.33  0.12E-13
  9 15  28.83 -118.33  0.25E-13
  9 15  28.88 -118.33  0.25E-13
  9 15  28.93 -118.33  0.25E-13
  9 15  29.33 -118.33  0.12E-13
  9 15  29.38 -118.33  0.37E-13
  9 15  28.63 -118.28  0.25E-13
  9 15  28.68 -118.28  0.25E-13
  9 15  28.73 -118.28  0.49E-13
  9 15  28.78 -118.28  0.25E-13
  9 15  28.88 -118.28  0.25E-13
  9 15  28.93 -118.28  0.12E-13
  9 15  29.08 -118.28  0.25E-13
  9 15  29.13 -118.28  0.37E-13
  9 15  29.18 -118.28  0.37E-13
  9 15  29.23 -118.28  0.49E-13
  9 15  29.28 -118.28  0.49E-13
  9 15  29.33 -118.28  0.49E-13
  9 15  28.73 -118.23  0.12E-13
  9 15  28.78 -118.23  0.37E-13
  9 15  28.83 -118.23  0.37E-13
  9 15  29.08 -118.23  0.25E-13
  9 15  29.13 -118.23  0.25E-13
  9 15  29.18 -118.23  0.49E-13
  9 15  29.23 -118.23  0.25E-13
  9 15  29.28 -118.23  0.12E-13
  9 15  28.93 -118.18  0.12E-13
  9 15  28.98 -118.18  0.25E-13
  9 15  29.03 -118.18  0.25E-13
  9 15  29.08 -118.18  0.25E-13
  9 15  29.13 -118.18  0.12E-13
  9 15  29.18 -118.18  0.25E-13
  9 15  29.23 -118.18  0.12E-13
  9 15  29.28 -118.18  0.25E-13
  9 15  29.78 -118.18  0.25E-13
  9 15  28.83 -118.13  0.12E-13
  9 15  28.88 -118.13  0.12E-13
  9 15  28.93 -118.13  0.25E-13
  9 15  29.33 -118.13  0.12E-13
  9 15  29.38 -118.13  0.12E-13
  9 15  29.43 -118.13  0.12E-13
  9 15  29.53 -118.13  0.12E-13
  9 15  29.58 -118.13  0.12E-13
  9 15  29.73 -118.13  0.12E-13
  9 15  29.78 -118.13  0.12E-13
  9 15  28.58 -118.08  0.12E-13
  9 15  28.63 -118.08  0.25E-13
  9 15  28.68 -118.08  0.37E-13
  9 15  28.73 -118.08  0.25E-13
  9 15  28.78 -118.08  0.25E-13
  9 15  28.83 -118.08  0.12E-13
  9 15  29.48 -118.08  0.12E-13
  9 15  29.53 -118.08  0.12E-13
  9 15  29.03 -118.03  0.12E-13
  9 15  29.08 -118.03  0.25E-13
  9 15  29.13 -118.03  0.62E-13
  9 15  29.18 -118.03  0.25E-13
  9 15  29.23 -118.03  0.25E-13
  9 15  29.28 -118.03  0.25E-13
  9 15  29.38 -118.03  0.37E-13
  9 15  29.03 -117.98  0.37E-13
  9 15  29.08 -117.98  0.74E-13
  9 15  29.13 -117.98  0.12E-13
  9 15  29.23 -117.98  0.37E-13
  9 15  29.38 -117.98  0.12E-13
  9 15  29.43 -117.98  0.25E-13
  9 15  29.63 -117.88  0.25E-13
  9 15  29.68 -117.88  0.25E-13
  9 15  29.73 -117.88  0.12E-13
  9 15  28.88 -117.83  0.12E-13
  9 15  28.93 -117.83  0.37E-13
  9 15  29.53 -117.83  0.12E-13
  9 15  29.58 -117.83  0.25E-13
  9 15  29.63 -117.83  0.37E-13
  9 15  29.68 -117.83  0.50E-13
  9 15  29.73 -117.83  0.12E-13
  9 15  29.43 -117.78  0.12E-13
  9 15  29.53 -117.78  0.12E-13
  9 15  29.58 -117.78  0.87E-13
  9 15  29.63 -117.78  0.62E-13
  9 15  29.83 -117.78  0.25E-13
  9 15  29.23 -117.73  0.12E-13
  9 15  29.28 -117.73  0.37E-13
  9 15  29.53 -117.73  0.12E-13
  9 15  29.58 -117.73  0.37E-13
  9 15  29.78 -117.73  0.37E-13
  9 15  29.83 -117.73  0.12E-13
  9 15  30.03 -117.73  0.25E-13
  9 15  30.08 -117.73  0.25E-13
  9 15  29.13 -117.68  0.12E-13
  9 15  29.18 -117.68  0.25E-13
  9 15  29.53 -117.68  0.25E-13
  9 15  29.68 -117.68  0.12E-13
  9 15  29.98 -117.68  0.12E-13
  9 15  29.68 -117.63  0.12E-13
  9 15  29.93 -117.63  0.25E-13
  9 15  29.98 -117.63  0.25E-13
  9 15  29.38 -117.58  0.12E-13
  9 15  29.93 -117.58  0.12E-13
  9 15  30.03 -117.58  0.12E-13
  9 15  30.08 -117.58  0.12E-13
  9 15  30.38 -117.58  0.25E-13
  9 15  30.43 -117.58  0.38E-13
  9 15  29.38 -117.53  0.12E-13
  9 15  29.88 -117.53  0.12E-13
  9 15  29.93 -117.53  0.12E-13
  9 15  29.98 -117.53  0.12E-13
  9 15  30.03 -117.53  0.37E-13
  9 15  30.33 -117.53  0.12E-13
  9 15  30.38 -117.53  0.37E-13
  9 15  29.58 -117.48  0.12E-13
  9 15  29.83 -117.48  0.25E-13
  9 15  29.93 -117.48  0.12E-13
  9 15  29.98 -117.48  0.37E-13
  9 15  30.28 -117.48  0.12E-13
  9 15  30.33 -117.48  0.37E-13
  9 15  29.53 -117.43  0.37E-13
  9 15  29.58 -117.43  0.25E-13
  9 15  29.78 -117.43  0.37E-13
  9 15  29.83 -117.43  0.25E-13
  9 15  29.88 -117.43  0.12E-13
  9 15  30.18 -117.43  0.12E-13
  9 15  30.23 -117.43  0.37E-13
  9 15  30.28 -117.43  0.12E-13
  9 15  29.48 -117.38  0.12E-13
  9 15  29.78 -117.38  0.12E-13
  9 15  30.18 -117.38  0.25E-13
  9 15  30.23 -117.38  0.50E-13
  9 15  30.18 -117.33  0.12E-13
  9 15  30.58 -117.33  0.25E-13
  9 15  30.23 -117.28  0.37E-13
  9 15  30.28 -117.28  0.50E-13
  9 15  30.53 -117.28  0.50E-13
  9 15  30.58 -117.28  0.13E-13
  9 15  30.78 -117.28  0.25E-13
  9 15  30.83 -117.28  0.38E-13
  9 15  31.53 -117.28  0.25E-13
  9 15  30.18 -117.23  0.75E-13
  9 15  30.23 -117.23  0.37E-13
  9 15  30.28 -117.23  0.25E-13
  9 15  30.43 -117.23  0.13E-13
  9 15  30.48 -117.23  0.13E-13
  9 15  30.53 -117.23  0.13E-13
  9 15  30.68 -117.23  0.25E-13
  9 15  30.73 -117.23  0.13E-13
  9 15  30.78 -117.23  0.38E-13
  9 15  31.48 -117.23  0.76E-13
  9 15  31.53 -117.23  0.51E-13
  9 15  31.63 -117.23  0.13E-13
  9 15  30.13 -117.18  0.25E-13
  9 15  30.18 -117.18  0.37E-13
  9 15  30.23 -117.18  0.12E-13
  9 15  30.43 -117.18  0.13E-13
  9 15  30.48 -117.18  0.25E-13
  9 15  30.63 -117.18  0.38E-13
  9 15  30.68 -117.18  0.13E-13
  9 15  30.73 -117.18  0.13E-13
  9 15  31.43 -117.18  0.25E-13
  9 15  30.13 -117.13  0.12E-13
  9 15  30.18 -117.13  0.12E-13
  9 15  30.23 -117.13  0.12E-13
  9 15  30.43 -117.13  0.13E-13
  9 15  30.58 -117.13  0.25E-13
  9 15  30.63 -117.13  0.25E-13
  9 15  30.78 -117.13  0.25E-13
  9 15  30.83 -117.13  0.13E-13
  9 15  30.18 -117.08  0.25E-13
  9 15  30.23 -117.08  0.12E-13
  9 15  30.38 -117.08  0.25E-13
  9 15  30.48 -117.08  0.13E-13
  9 15  30.53 -117.08  0.38E-13
  9 15  30.58 -117.08  0.13E-13
  9 15  30.63 -117.08  0.38E-13
  9 15  30.78 -117.08  0.25E-13
  9 15  30.13 -117.03  0.12E-13
  9 15  30.18 -117.03  0.25E-13
  9 15  30.33 -117.03  0.62E-13
  9 15  30.38 -117.03  0.12E-13
  9 15  30.43 -117.03  0.13E-13
  9 15  30.48 -117.03  0.13E-13
  9 15  30.58 -117.03  0.38E-13
  9 15  30.63 -117.03  0.13E-13
  9 15  30.08 -116.98  0.12E-13
  9 15  30.13 -116.98  0.37E-13
  9 15  30.08 -116.93  0.12E-13
