DAY HR    LAT     LON TEST00100
  8 21  32.58 -120.13  0.10E-13
  8 21  32.63 -120.13  0.51E-13
  8 21  32.68 -120.13  0.10E-13
  8 21  32.78 -120.08  0.41E-13
  8 21  32.48 -120.03  0.41E-13
  8 21  32.53 -120.03  0.61E-13
  8 21  32.58 -120.03  0.92E-13
  8 21  32.63 -120.03  0.20E-13
  8 21  32.33 -119.98  0.20E-13
  8 21  32.38 -119.98  0.41E-13
  8 21  32.43 -119.98  0.20E-13
  8 21  32.53 -119.98  0.10E-13
  8 21  32.58 -119.98  0.92E-13
  8 21  32.63 -119.98  0.31E-13
  8 21  32.68 -119.98  0.31E-13
  8 21  32.73 -119.98  0.72E-13
  8 21  32.78 -119.98  0.62E-13
  8 21  32.83 -119.98  0.21E-13
  8 21  32.88 -119.98  0.31E-13
  8 21  32.43 -119.93  0.10E-13
  8 21  32.48 -119.93  0.10E-13
  8 21  32.53 -119.93  0.10E-13
  8 21  32.58 -119.93  0.14E-12
  8 21  32.63 -119.93  0.20E-12
  8 21  32.68 -119.93  0.10E-12
  8 21  32.73 -119.93  0.41E-13
  8 21  32.78 -119.93  0.14E-12
  8 21  32.83 -119.93  0.11E-12
  8 21  32.88 -119.93  0.41E-13
  8 21  32.43 -119.88  0.10E-13
  8 21  32.48 -119.88  0.41E-13
  8 21  32.53 -119.88  0.11E-12
  8 21  32.58 -119.88  0.33E-12
  8 21  32.63 -119.88  0.55E-12
  8 21  32.68 -119.88  0.61E-12
  8 21  32.73 -119.88  0.54E-12
  8 21  32.78 -119.88  0.26E-12
  8 21  32.83 -119.88  0.15E-12
  8 21  32.88 -119.88  0.14E-12
  8 21  33.03 -119.88  0.10E-13
  8 21  32.43 -119.83  0.10E-13
  8 21  32.48 -119.83  0.72E-13
  8 21  32.53 -119.83  0.17E-12
  8 21  32.58 -119.83  0.51E-12
  8 21  32.63 -119.83  0.57E-12
  8 21  32.68 -119.83  0.66E-12
  8 21  32.73 -119.83  0.75E-12
  8 21  32.78 -119.83  0.64E-12
  8 21  32.83 -119.83  0.55E-12
  8 21  32.88 -119.83  0.30E-12
  8 21  32.93 -119.83  0.15E-12
  8 21  32.98 -119.83  0.31E-13
  8 21  33.03 -119.83  0.10E-13
  8 21  33.08 -119.83  0.10E-13
  8 21  32.48 -119.78  0.51E-13
  8 21  32.53 -119.78  0.19E-12
  8 21  32.58 -119.78  0.31E-12
  8 21  32.63 -119.78  0.49E-12
  8 21  32.68 -119.78  0.93E-12
  8 21  32.73 -119.78  0.10E-11
  8 21  32.78 -119.78  0.83E-12
  8 21  32.83 -119.78  0.75E-12
  8 21  32.88 -119.78  0.83E-12
  8 21  32.93 -119.78  0.46E-12
  8 21  32.98 -119.78  0.26E-12
  8 21  33.03 -119.78  0.12E-12
  8 21  33.08 -119.78  0.11E-12
  8 21  33.13 -119.78  0.14E-12
  8 21  33.18 -119.78  0.31E-13
  8 21  32.48 -119.73  0.10E-13
  8 21  32.53 -119.73  0.92E-13
  8 21  32.58 -119.73  0.43E-12
  8 21  32.63 -119.73  0.61E-12
  8 21  32.68 -119.73  0.91E-12
  8 21  32.73 -119.73  0.17E-11
  8 21  32.78 -119.73  0.16E-11
  8 21  32.83 -119.73  0.15E-11
  8 21  32.88 -119.73  0.11E-11
  8 21  32.93 -119.73  0.80E-12
  8 21  32.98 -119.73  0.73E-12
  8 21  33.03 -119.73  0.47E-12
  8 21  33.08 -119.73  0.24E-12
  8 21  33.13 -119.73  0.18E-12
  8 21  33.18 -119.73  0.62E-13
  8 21  33.23 -119.73  0.10E-13
  8 21  32.48 -119.68  0.82E-13
  8 21  32.53 -119.68  0.19E-12
  8 21  32.58 -119.68  0.35E-12
  8 21  32.63 -119.68  0.52E-12
  8 21  32.68 -119.68  0.97E-12
  8 21  32.73 -119.68  0.12E-11
  8 21  32.78 -119.68  0.19E-11
  8 21  32.83 -119.68  0.25E-11
  8 21  32.88 -119.68  0.24E-11
  8 21  32.93 -119.68  0.23E-11
  8 21  32.98 -119.68  0.14E-11
  8 21  33.03 -119.68  0.98E-12
  8 21  33.08 -119.68  0.63E-12
  8 21  33.13 -119.68  0.31E-12
  8 21  33.18 -119.68  0.52E-13
  8 21  32.43 -119.63  0.31E-13
  8 21  32.48 -119.63  0.51E-13
  8 21  32.53 -119.63  0.14E-12
  8 21  32.58 -119.63  0.37E-12
  8 21  32.63 -119.63  0.88E-12
  8 21  32.68 -119.63  0.16E-11
  8 21  32.73 -119.63  0.22E-11
  8 21  32.78 -119.63  0.24E-11
  8 21  32.83 -119.63  0.31E-11
  8 21  32.88 -119.63  0.33E-11
  8 21  32.93 -119.63  0.29E-11
  8 21  32.98 -119.63  0.21E-11
  8 21  33.03 -119.63  0.15E-11
  8 21  33.08 -119.63  0.78E-12
  8 21  33.13 -119.63  0.41E-12
  8 21  33.18 -119.63  0.16E-12
  8 21  32.48 -119.58  0.20E-13
  8 21  32.53 -119.58  0.61E-13
  8 21  32.58 -119.58  0.16E-12
  8 21  32.63 -119.58  0.38E-12
  8 21  32.68 -119.58  0.11E-11
  8 21  32.73 -119.58  0.18E-11
  8 21  32.78 -119.58  0.24E-11
  8 21  32.83 -119.58  0.31E-11
  8 21  32.88 -119.58  0.35E-11
  8 21  32.93 -119.58  0.41E-11
  8 21  32.98 -119.58  0.33E-11
  8 21  33.03 -119.58  0.23E-11
  8 21  33.08 -119.58  0.15E-11
  8 21  33.13 -119.58  0.57E-12
  8 21  33.18 -119.58  0.10E-12
  8 21  33.23 -119.58  0.10E-13
  8 21  32.43 -119.53  0.20E-13
  8 21  32.48 -119.53  0.10E-13
  8 21  32.53 -119.53  0.82E-13
  8 21  32.58 -119.53  0.72E-13
  8 21  32.63 -119.53  0.34E-12
  8 21  32.68 -119.53  0.77E-12
  8 21  32.73 -119.53  0.14E-11
  8 21  32.78 -119.53  0.22E-11
  8 21  32.83 -119.53  0.32E-11
  8 21  32.88 -119.53  0.37E-11
  8 21  32.93 -119.53  0.40E-11
  8 21  32.98 -119.53  0.39E-11
  8 21  33.03 -119.53  0.32E-11
  8 21  33.08 -119.53  0.21E-11
  8 21  33.13 -119.53  0.11E-11
  8 21  33.18 -119.53  0.44E-12
  8 21  33.23 -119.53  0.62E-13
  8 21  32.53 -119.48  0.10E-13
  8 21  32.58 -119.48  0.15E-12
  8 21  32.63 -119.48  0.37E-12
  8 21  32.68 -119.48  0.71E-12
  8 21  32.73 -119.48  0.14E-11
  8 21  32.78 -119.48  0.19E-11
  8 21  32.83 -119.48  0.26E-11
  8 21  32.88 -119.48  0.36E-11
  8 21  32.93 -119.48  0.47E-11
  8 21  32.98 -119.48  0.46E-11
  8 21  33.03 -119.48  0.38E-11
  8 21  33.08 -119.48  0.18E-11
  8 21  33.13 -119.48  0.14E-11
  8 21  33.18 -119.48  0.59E-12
  8 21  33.23 -119.48  0.10E-12
  8 21  32.53 -119.43  0.20E-13
  8 21  32.58 -119.43  0.92E-13
  8 21  32.63 -119.43  0.17E-12
  8 21  32.68 -119.43  0.20E-12
  8 21  32.73 -119.43  0.61E-12
  8 21  32.78 -119.43  0.11E-11
  8 21  32.83 -119.43  0.20E-11
  8 21  32.88 -119.43  0.30E-11
  8 21  32.93 -119.43  0.43E-11
  8 21  32.98 -119.43  0.53E-11
  8 21  33.03 -119.43  0.47E-11
  8 21  33.08 -119.43  0.25E-11
  8 21  33.13 -119.43  0.85E-12
  8 21  33.18 -119.43  0.26E-12
  8 21  33.23 -119.43  0.82E-13
  8 21  32.63 -119.38  0.10E-13
  8 21  32.68 -119.38  0.17E-12
  8 21  32.73 -119.38  0.41E-12
  8 21  32.78 -119.38  0.81E-12
  8 21  32.83 -119.38  0.13E-11
  8 21  32.88 -119.38  0.20E-11
  8 21  32.93 -119.38  0.27E-11
  8 21  32.98 -119.38  0.32E-11
  8 21  33.03 -119.38  0.25E-11
  8 21  33.08 -119.38  0.17E-11
  8 21  33.13 -119.38  0.74E-12
  8 21  33.18 -119.38  0.25E-12
  8 21  33.23 -119.38  0.21E-13
  8 21  32.68 -119.33  0.61E-13
  8 21  32.73 -119.33  0.26E-12
  8 21  32.78 -119.33  0.45E-12
  8 21  32.83 -119.33  0.78E-12
  8 21  32.88 -119.33  0.14E-11
  8 21  32.93 -119.33  0.19E-11
  8 21  32.98 -119.33  0.22E-11
  8 21  33.03 -119.33  0.21E-11
  8 21  33.08 -119.33  0.11E-11
  8 21  33.13 -119.33  0.73E-12
  8 21  33.18 -119.33  0.38E-12
  8 21  33.23 -119.33  0.10E-13
  8 21  32.63 -119.28  0.20E-13
  8 21  32.68 -119.28  0.10E-13
  8 21  32.73 -119.28  0.41E-13
  8 21  32.78 -119.28  0.11E-12
  8 21  32.83 -119.28  0.28E-12
  8 21  32.88 -119.28  0.70E-12
  8 21  32.93 -119.28  0.13E-11
  8 21  32.98 -119.28  0.16E-11
  8 21  33.03 -119.28  0.13E-11
  8 21  33.08 -119.28  0.12E-11
  8 21  33.13 -119.28  0.44E-12
  8 21  33.18 -119.28  0.23E-12
  8 21  33.23 -119.28  0.62E-13
  8 21  33.28 -119.28  0.21E-13
  8 21  32.73 -119.23  0.10E-13
  8 21  32.78 -119.23  0.62E-13
  8 21  32.83 -119.23  0.18E-12
  8 21  32.88 -119.23  0.48E-12
  8 21  32.93 -119.23  0.43E-12
  8 21  32.98 -119.23  0.67E-12
  8 21  33.03 -119.23  0.80E-12
  8 21  33.08 -119.23  0.61E-12
  8 21  33.13 -119.23  0.25E-12
  8 21  33.18 -119.23  0.93E-13
  8 21  32.83 -119.18  0.21E-13
  8 21  32.88 -119.18  0.18E-12
  8 21  32.93 -119.18  0.28E-12
  8 21  32.98 -119.18  0.34E-12
  8 21  33.03 -119.18  0.21E-12
  8 21  33.08 -119.18  0.72E-13
  8 21  33.18 -119.18  0.10E-13
  8 21  32.78 -119.13  0.10E-13
  8 21  32.83 -119.13  0.41E-13
  8 21  32.88 -119.13  0.51E-13
  8 21  32.93 -119.13  0.51E-13
  8 21  32.98 -119.13  0.41E-13
  8 21  33.03 -119.13  0.31E-13
  8 21  33.08 -119.13  0.21E-13
  8 21  32.93 -119.08  0.21E-13
  8 21  32.98 -119.08  0.21E-13
  8 21  33.03 -119.08  0.51E-13
  8 21  33.08 -119.08  0.51E-13
  8 21  33.13 -119.08  0.62E-13
  8 21  33.18 -119.08  0.62E-13
  8 21  33.23 -119.08  0.10E-13
  8 21  32.98 -119.03  0.21E-13
  8 21  33.03 -119.03  0.31E-13
