DAY HR    LAT     LON TEST00100
  8 18  33.18 -119.38  0.10E-13
  8 18  33.23 -119.38  0.21E-13
  8 18  33.33 -119.38  0.10E-13
  8 18  33.18 -119.33  0.41E-13
  8 18  33.23 -119.33  0.14E-12
  8 18  33.28 -119.33  0.93E-13
  8 18  33.33 -119.33  0.62E-13
  8 18  33.38 -119.33  0.31E-13
  8 18  33.43 -119.33  0.10E-13
  8 18  33.18 -119.28  0.52E-13
  8 18  33.23 -119.28  0.38E-12
  8 18  33.28 -119.28  0.41E-12
  8 18  33.33 -119.28  0.37E-12
  8 18  33.38 -119.28  0.20E-12
  8 18  33.43 -119.28  0.21E-13
  8 18  33.18 -119.23  0.10E-13
  8 18  33.23 -119.23  0.48E-12
  8 18  33.28 -119.23  0.11E-11
  8 18  33.33 -119.23  0.11E-11
  8 18  33.38 -119.23  0.52E-12
  8 18  33.43 -119.23  0.62E-13
  8 18  33.18 -119.18  0.10E-13
  8 18  33.23 -119.18  0.36E-12
  8 18  33.28 -119.18  0.19E-11
  8 18  33.33 -119.18  0.23E-11
  8 18  33.38 -119.18  0.16E-11
  8 18  33.43 -119.18  0.54E-12
  8 18  33.48 -119.18  0.11E-12
  8 18  33.53 -119.18  0.10E-13
  8 18  33.18 -119.13  0.31E-13
  8 18  33.23 -119.13  0.25E-12
  8 18  33.28 -119.13  0.20E-11
  8 18  33.33 -119.13  0.41E-11
  8 18  33.38 -119.13  0.34E-11
  8 18  33.43 -119.13  0.16E-11
  8 18  33.48 -119.13  0.27E-12
  8 18  33.53 -119.13  0.62E-13
  8 18  33.18 -119.08  0.31E-13
  8 18  33.23 -119.08  0.20E-12
  8 18  33.28 -119.08  0.12E-11
  8 18  33.33 -119.08  0.47E-11
  8 18  33.38 -119.08  0.58E-11
  8 18  33.43 -119.08  0.37E-11
  8 18  33.48 -119.08  0.10E-11
  8 18  33.53 -119.08  0.13E-12
  8 18  33.58 -119.08  0.10E-13
  8 18  33.23 -119.03  0.93E-13
  8 18  33.28 -119.03  0.74E-12
  8 18  33.33 -119.03  0.33E-11
  8 18  33.38 -119.03  0.76E-11
  8 18  33.43 -119.03  0.64E-11
  8 18  33.48 -119.03  0.32E-11
  8 18  33.53 -119.03  0.39E-12
  8 18  33.58 -119.03  0.41E-13
  8 18  33.28 -118.98  0.39E-12
  8 18  33.33 -118.98  0.19E-11
  8 18  33.38 -118.98  0.68E-11
  8 18  33.43 -118.98  0.97E-11
  8 18  33.48 -118.98  0.63E-11
  8 18  33.53 -118.98  0.15E-11
  8 18  33.58 -118.98  0.13E-12
  8 18  33.63 -118.98  0.10E-13
  8 18  33.23 -118.93  0.41E-13
  8 18  33.28 -118.93  0.10E-12
  8 18  33.33 -118.93  0.11E-11
  8 18  33.38 -118.93  0.40E-11
  8 18  33.43 -118.93  0.11E-10
  8 18  33.48 -118.93  0.10E-10
  8 18  33.53 -118.93  0.47E-11
  8 18  33.58 -118.93  0.50E-12
  8 18  33.63 -118.93  0.83E-13
  8 18  33.23 -118.88  0.10E-13
  8 18  33.28 -118.88  0.62E-13
  8 18  33.33 -118.88  0.34E-12
  8 18  33.38 -118.88  0.19E-11
  8 18  33.43 -118.88  0.73E-11
  8 18  33.48 -118.88  0.13E-10
  8 18  33.53 -118.88  0.89E-11
  8 18  33.58 -118.88  0.22E-11
  8 18  33.63 -118.88  0.21E-12
  8 18  33.33 -118.83  0.83E-13
  8 18  33.38 -118.83  0.55E-12
  8 18  33.43 -118.83  0.29E-11
  8 18  33.48 -118.83  0.95E-11
  8 18  33.53 -118.83  0.13E-10
  8 18  33.58 -118.83  0.61E-11
  8 18  33.63 -118.83  0.77E-12
  8 18  33.68 -118.83  0.31E-13
  8 18  33.38 -118.78  0.83E-13
  8 18  33.43 -118.78  0.68E-12
  8 18  33.48 -118.78  0.34E-11
  8 18  33.53 -118.78  0.95E-11
  8 18  33.58 -118.78  0.10E-10
  8 18  33.63 -118.78  0.35E-11
  8 18  33.68 -118.78  0.25E-12
  8 18  33.43 -118.73  0.72E-13
  8 18  33.48 -118.73  0.64E-12
  8 18  33.53 -118.73  0.35E-11
  8 18  33.58 -118.73  0.84E-11
  8 18  33.63 -118.73  0.79E-11
  8 18  33.68 -118.73  0.16E-11
  8 18  33.73 -118.73  0.62E-13
  8 18  33.48 -118.68  0.41E-13
  8 18  33.53 -118.68  0.46E-12
  8 18  33.58 -118.68  0.25E-11
  8 18  33.63 -118.68  0.62E-11
  8 18  33.68 -118.68  0.46E-11
  8 18  33.73 -118.68  0.54E-12
  8 18  33.78 -118.68  0.10E-13
  8 18  33.58 -118.63  0.18E-12
  8 18  33.63 -118.63  0.13E-11
  8 18  33.68 -118.63  0.33E-11
  8 18  33.73 -118.63  0.14E-11
  8 18  33.78 -118.63  0.42E-13
  8 18  33.63 -118.58  0.41E-13
  8 18  33.68 -118.58  0.38E-12
  8 18  33.73 -118.58  0.59E-12
  8 18  33.78 -118.58  0.52E-13
  8 18  33.73 -118.53  0.21E-13
  8 18  33.78 -118.53  0.10E-13
