DAY HR    LAT     LON TEST00100
  9 12  29.98 -123.73  0.12E-13
  9 12  29.78 -123.58  0.12E-13
  9 12  29.08 -123.48  0.25E-13
  9 12  29.13 -123.48  0.12E-13
  9 12  29.13 -123.43  0.49E-13
  9 12  29.53 -123.43  0.62E-13
  9 12  29.58 -123.43  0.12E-13
  9 12  29.38 -123.38  0.25E-13
  9 12  29.43 -123.38  0.87E-13
  9 12  29.48 -123.38  0.12E-13
  9 12  29.28 -123.23  0.12E-13
  9 12  29.33 -123.23  0.49E-13
  9 12  29.53 -123.13  0.62E-13
  9 12  29.78 -123.13  0.37E-13
  9 12  29.83 -123.13  0.37E-13
  9 12  29.88 -123.13  0.37E-13
  9 12  29.73 -123.08  0.37E-13
  9 12  29.78 -123.08  0.87E-13
  9 12  29.83 -123.08  0.37E-13
  9 12  29.38 -122.98  0.12E-13
  9 12  29.43 -122.98  0.62E-13
  9 12  29.48 -122.98  0.12E-13
  9 12  29.58 -122.98  0.62E-13
  9 12  29.28 -122.93  0.12E-13
  9 12  29.33 -122.93  0.62E-13
  9 12  29.38 -122.93  0.37E-13
  9 12  29.43 -122.93  0.12E-13
  9 12  29.73 -122.88  0.75E-13
  9 12  29.78 -122.88  0.50E-13
  9 12  28.93 -122.73  0.49E-13
  9 12  28.98 -122.73  0.37E-13
  9 12  29.08 -122.68  0.25E-13
  9 12  29.33 -122.68  0.37E-13
  9 12  29.38 -122.68  0.49E-13
  9 12  29.13 -122.63  0.37E-13
  9 12  29.18 -122.63  0.12E-13
  9 12  28.78 -122.53  0.25E-13
  9 12  28.88 -122.53  0.25E-13
  9 12  28.93 -122.53  0.12E-13
  9 12  28.93 -122.48  0.37E-13
  9 12  28.98 -122.48  0.37E-13
  9 12  29.03 -122.48  0.12E-13
  9 12  28.53 -122.43  0.25E-13
  9 12  29.33 -122.38  0.12E-13
  9 12  29.38 -122.38  0.25E-13
  9 12  28.88 -122.23  0.37E-13
  9 12  28.98 -122.23  0.25E-13
  9 12  29.03 -122.23  0.74E-13
  9 12  29.08 -122.23  0.12E-13
  9 12  29.08 -122.18  0.37E-13
  9 12  29.13 -122.18  0.12E-13
  9 12  29.43 -122.18  0.37E-13
  9 12  29.48 -122.18  0.50E-13
  9 12  29.53 -122.18  0.50E-13
  9 12  28.93 -122.13  0.25E-13
  9 12  28.98 -122.13  0.12E-13
  9 12  29.03 -122.03  0.12E-13
  9 12  29.08 -122.03  0.12E-13
  9 12  28.68 -121.98  0.12E-13
  9 12  28.73 -121.98  0.25E-13
  9 12  28.78 -121.98  0.25E-13
  9 12  29.08 -121.98  0.49E-13
  9 12  29.18 -121.98  0.25E-13
  9 12  28.68 -121.93  0.12E-13
  9 12  28.73 -121.93  0.12E-13
  9 12  28.78 -121.93  0.37E-13
  9 12  28.83 -121.93  0.25E-13
  9 12  29.18 -121.93  0.25E-13
  9 12  29.23 -121.93  0.12E-13
  9 12  28.48 -121.88  0.12E-13
  9 12  29.38 -121.83  0.25E-13
  9 12  29.43 -121.83  0.12E-13
  9 12  28.78 -121.78  0.37E-13
  9 12  28.83 -121.78  0.12E-13
  9 12  29.13 -121.78  0.37E-13
  9 12  28.68 -121.73  0.25E-13
  9 12  28.73 -121.73  0.25E-13
  9 12  28.98 -121.73  0.25E-13
  9 12  29.33 -121.73  0.37E-13
  9 12  29.38 -121.73  0.49E-13
  9 12  28.83 -121.68  0.12E-13
  9 12  28.88 -121.68  0.74E-13
  9 12  28.93 -121.68  0.12E-13
  9 12  29.03 -121.68  0.37E-13
  9 12  29.13 -121.68  0.12E-13
  9 12  28.63 -121.63  0.37E-13
  9 12  28.68 -121.63  0.37E-13
  9 12  29.13 -121.63  0.12E-13
  9 12  28.18 -121.58  0.24E-13
  9 12  28.23 -121.58  0.24E-13
  9 12  28.28 -121.58  0.12E-13
  9 12  28.53 -121.53  0.25E-13
  9 12  28.58 -121.53  0.49E-13
  9 12  28.63 -121.53  0.25E-13
  9 12  28.48 -121.48  0.25E-13
  9 12  28.73 -121.48  0.37E-13
  9 12  28.78 -121.48  0.12E-13
  9 12  28.88 -121.48  0.37E-13
  9 12  28.93 -121.48  0.49E-13
  9 12  29.13 -121.48  0.37E-13
  9 12  29.18 -121.48  0.25E-13
  9 12  29.28 -121.48  0.12E-13
  9 12  28.78 -121.43  0.37E-13
  9 12  29.08 -121.43  0.25E-13
  9 12  29.13 -121.43  0.12E-13
  9 12  28.78 -121.38  0.25E-13
  9 12  28.93 -121.38  0.25E-13
  9 12  28.98 -121.38  0.62E-13
  9 12  29.03 -121.38  0.25E-13
  9 12  29.23 -121.38  0.37E-13
  9 12  29.28 -121.38  0.12E-13
  9 12  28.43 -121.33  0.12E-13
  9 12  28.48 -121.33  0.12E-13
  9 12  28.58 -121.33  0.25E-13
  9 12  28.68 -121.33  0.49E-13
  9 12  28.73 -121.33  0.37E-13
  9 12  28.78 -121.33  0.12E-13
  9 12  28.98 -121.33  0.12E-13
  9 12  29.03 -121.33  0.37E-13
  9 12  29.08 -121.33  0.49E-13
  9 12  28.68 -121.28  0.25E-13
  9 12  28.73 -121.28  0.25E-13
  9 12  28.78 -121.28  0.25E-13
  9 12  28.63 -121.23  0.25E-13
  9 12  28.68 -121.23  0.25E-13
  9 12  28.73 -121.23  0.12E-13
  9 12  28.78 -121.23  0.37E-13
  9 12  28.83 -121.23  0.12E-13
  9 12  28.93 -121.23  0.25E-13
  9 12  29.03 -121.23  0.12E-13
  9 12  29.08 -121.23  0.12E-13
  9 12  29.13 -121.23  0.37E-13
  9 12  29.18 -121.23  0.49E-13
  9 12  29.23 -121.23  0.25E-13
  9 12  28.58 -121.18  0.12E-13
  9 12  28.63 -121.18  0.49E-13
  9 12  28.68 -121.18  0.12E-13
  9 12  28.88 -121.18  0.12E-13
  9 12  28.93 -121.18  0.25E-13
  9 12  29.08 -121.18  0.62E-13
  9 12  29.13 -121.18  0.37E-13
  9 12  29.18 -121.18  0.12E-13
  9 12  29.23 -121.18  0.12E-13
  9 12  29.28 -121.18  0.12E-13
  9 12  28.78 -121.13  0.37E-13
  9 12  28.88 -121.13  0.25E-13
  9 12  29.23 -121.13  0.12E-13
  9 12  28.43 -121.03  0.25E-13
  9 12  28.48 -121.03  0.37E-13
  9 12  28.53 -121.03  0.37E-13
  9 12  28.58 -121.03  0.25E-13
  9 12  28.73 -121.03  0.25E-13
  9 12  28.78 -121.03  0.12E-13
  9 12  28.83 -121.03  0.25E-13
  9 12  28.68 -120.98  0.12E-13
  9 12  28.73 -120.98  0.25E-13
  9 12  28.28 -120.93  0.12E-13
  9 12  28.33 -120.93  0.37E-13
  9 12  28.38 -120.93  0.12E-13
  9 12  28.43 -120.93  0.12E-13
  9 12  28.48 -120.93  0.25E-13
  9 12  28.68 -120.93  0.12E-13
  9 12  28.83 -120.93  0.25E-13
  9 12  28.88 -120.93  0.37E-13
  9 12  28.93 -120.93  0.12E-13
  9 12  28.83 -120.88  0.37E-13
  9 12  28.68 -120.83  0.25E-13
  9 12  28.73 -120.83  0.37E-13
  9 12  28.78 -120.83  0.12E-13
  9 12  28.83 -120.83  0.25E-13
  9 12  28.88 -120.83  0.12E-13
  9 12  28.93 -120.83  0.12E-13
  9 12  28.78 -120.78  0.12E-13
  9 12  28.83 -120.78  0.25E-13
  9 12  28.88 -120.78  0.12E-13
  9 12  29.03 -120.78  0.12E-13
  9 12  29.18 -120.78  0.25E-13
  9 12  28.38 -120.73  0.12E-13
  9 12  28.48 -120.73  0.25E-13
  9 12  28.53 -120.73  0.12E-13
  9 12  28.68 -120.73  0.25E-13
  9 12  28.83 -120.73  0.25E-13
  9 12  29.43 -120.73  0.12E-13
  9 12  29.48 -120.73  0.37E-13
  9 12  28.28 -120.68  0.37E-13
  9 12  28.33 -120.68  0.49E-13
  9 12  28.38 -120.68  0.25E-13
  9 12  28.48 -120.68  0.49E-13
  9 12  28.53 -120.68  0.49E-13
  9 12  28.93 -120.68  0.12E-13
  9 12  28.23 -120.63  0.12E-13
  9 12  28.28 -120.63  0.24E-13
  9 12  28.33 -120.63  0.49E-13
  9 12  28.38 -120.63  0.25E-13
  9 12  28.43 -120.63  0.49E-13
  9 12  28.63 -120.63  0.61E-13
  9 12  28.68 -120.63  0.37E-13
  9 12  28.73 -120.63  0.49E-13
  9 12  28.78 -120.63  0.49E-13
  9 12  28.93 -120.63  0.49E-13
  9 12  28.98 -120.63  0.25E-13
  9 12  28.43 -120.58  0.25E-13
  9 12  28.48 -120.58  0.74E-13
  9 12  28.53 -120.58  0.25E-13
  9 12  28.58 -120.58  0.49E-13
  9 12  28.63 -120.58  0.37E-13
  9 12  28.68 -120.58  0.12E-13
  9 12  28.93 -120.58  0.25E-13
  9 12  28.98 -120.58  0.25E-13
  9 12  29.08 -120.58  0.37E-13
  9 12  29.13 -120.58  0.62E-13
  9 12  28.48 -120.53  0.12E-13
  9 12  28.53 -120.53  0.25E-13
  9 12  28.58 -120.53  0.25E-13
  9 12  28.68 -120.53  0.12E-13
  9 12  28.73 -120.53  0.25E-13
  9 12  28.88 -120.53  0.25E-13
  9 12  28.93 -120.53  0.12E-13
  9 12  28.98 -120.53  0.12E-13
  9 12  29.03 -120.53  0.37E-13
  9 12  29.08 -120.53  0.37E-13
  9 12  29.13 -120.53  0.25E-13
  9 12  28.53 -120.48  0.25E-13
  9 12  28.78 -120.48  0.37E-13
  9 12  28.83 -120.48  0.49E-13
  9 12  28.88 -120.48  0.12E-13
  9 12  28.93 -120.48  0.12E-13
  9 12  28.98 -120.48  0.37E-13
  9 12  29.03 -120.48  0.12E-13
  9 12  29.08 -120.48  0.37E-13
  9 12  29.13 -120.48  0.12E-13
  9 12  28.33 -120.43  0.12E-13
  9 12  28.38 -120.43  0.37E-13
  9 12  28.43 -120.43  0.12E-13
  9 12  28.63 -120.43  0.12E-13
  9 12  28.68 -120.43  0.37E-13
  9 12  28.73 -120.43  0.49E-13
  9 12  28.83 -120.43  0.25E-13
  9 12  28.88 -120.43  0.25E-13
  9 12  28.98 -120.43  0.12E-13
  9 12  29.03 -120.43  0.12E-13
  9 12  28.18 -120.38  0.12E-13
  9 12  28.23 -120.38  0.24E-13
  9 12  28.28 -120.38  0.37E-13
  9 12  28.33 -120.38  0.24E-13
  9 12  28.43 -120.38  0.37E-13
  9 12  28.53 -120.38  0.12E-13
  9 12  28.58 -120.38  0.12E-13
  9 12  28.63 -120.38  0.37E-13
  9 12  28.68 -120.38  0.25E-13
  9 12  28.73 -120.38  0.37E-13
  9 12  28.78 -120.38  0.25E-13
  9 12  28.83 -120.38  0.12E-13
  9 12  29.03 -120.38  0.37E-13
  9 12  28.08 -120.33  0.12E-13
  9 12  28.13 -120.33  0.37E-13
  9 12  28.18 -120.33  0.37E-13
  9 12  28.23 -120.33  0.24E-13
  9 12  28.43 -120.33  0.25E-13
  9 12  28.48 -120.33  0.37E-13
  9 12  28.63 -120.33  0.37E-13
  9 12  28.73 -120.33  0.25E-13
  9 12  28.88 -120.33  0.12E-13
  9 12  29.03 -120.33  0.12E-13
  9 12  29.23 -120.33  0.12E-13
  9 12  28.23 -120.28  0.12E-13
  9 12  28.28 -120.28  0.24E-13
  9 12  28.33 -120.28  0.25E-13
  9 12  28.38 -120.28  0.12E-13
  9 12  28.48 -120.28  0.12E-13
  9 12  28.53 -120.28  0.12E-13
  9 12  28.58 -120.28  0.12E-13
  9 12  28.63 -120.28  0.74E-13
  9 12  28.68 -120.28  0.61E-13
  9 12  28.73 -120.28  0.61E-13
  9 12  28.83 -120.28  0.37E-13
  9 12  28.88 -120.28  0.74E-13
  9 12  28.93 -120.28  0.37E-13
  9 12  29.08 -120.28  0.25E-13
  9 12  29.43 -120.28  0.12E-13
  9 12  29.48 -120.28  0.25E-13
  9 12  29.53 -120.28  0.37E-13
  9 12  28.23 -120.23  0.12E-13
  9 12  28.38 -120.23  0.25E-13
  9 12  28.43 -120.23  0.37E-13
  9 12  28.48 -120.23  0.37E-13
  9 12  28.53 -120.23  0.49E-13
  9 12  28.58 -120.23  0.61E-13
  9 12  28.63 -120.23  0.15E-12
  9 12  28.68 -120.23  0.14E-12
  9 12  28.73 -120.23  0.98E-13
  9 12  28.78 -120.23  0.86E-13
  9 12  28.83 -120.23  0.74E-13
  9 12  28.93 -120.23  0.25E-13
  9 12  28.98 -120.23  0.12E-13
  9 12  29.03 -120.23  0.12E-13
  9 12  29.08 -120.23  0.25E-13
  9 12  29.13 -120.23  0.25E-13
  9 12  29.18 -120.23  0.12E-13
  9 12  28.33 -120.18  0.49E-13
  9 12  28.38 -120.18  0.49E-13
  9 12  28.43 -120.18  0.74E-13
  9 12  28.48 -120.18  0.25E-13
  9 12  28.53 -120.18  0.37E-13
  9 12  28.63 -120.18  0.12E-13
  9 12  28.68 -120.18  0.25E-13
  9 12  28.73 -120.18  0.61E-13
  9 12  28.78 -120.18  0.62E-13
  9 12  28.83 -120.18  0.12E-13
  9 12  28.93 -120.18  0.25E-13
  9 12  28.98 -120.18  0.12E-13
  9 12  29.03 -120.18  0.12E-13
  9 12  28.28 -120.13  0.37E-13
  9 12  28.33 -120.13  0.49E-13
  9 12  28.38 -120.13  0.25E-13
  9 12  28.58 -120.13  0.25E-13
  9 12  28.63 -120.13  0.61E-13
  9 12  28.68 -120.13  0.49E-13
  9 12  28.73 -120.13  0.25E-13
  9 12  28.78 -120.13  0.37E-13
  9 12  28.83 -120.13  0.62E-13
  9 12  28.88 -120.13  0.74E-13
  9 12  28.48 -120.08  0.49E-13
  9 12  28.53 -120.08  0.74E-13
  9 12  28.58 -120.08  0.14E-12
  9 12  28.63 -120.08  0.12E-12
  9 12  28.68 -120.08  0.12E-12
  9 12  28.73 -120.08  0.74E-13
  9 12  28.83 -120.08  0.12E-13
  9 12  28.88 -120.08  0.12E-13
  9 12  28.93 -120.08  0.37E-13
  9 12  28.98 -120.08  0.25E-13
  9 12  29.03 -120.08  0.37E-13
  9 12  29.08 -120.08  0.25E-13
  9 12  28.08 -120.03  0.12E-13
  9 12  28.18 -120.03  0.24E-13
  9 12  28.33 -120.03  0.12E-13
  9 12  28.43 -120.03  0.12E-13
  9 12  28.58 -120.03  0.49E-13
  9 12  28.63 -120.03  0.61E-13
  9 12  28.68 -120.03  0.61E-13
  9 12  28.73 -120.03  0.49E-13
  9 12  28.78 -120.03  0.62E-13
  9 12  28.83 -120.03  0.37E-13
  9 12  28.93 -120.03  0.62E-13
  9 12  28.98 -120.03  0.37E-13
  9 12  29.03 -120.03  0.12E-13
  9 12  29.28 -120.03  0.37E-13
  9 12  29.38 -120.03  0.12E-13
  9 12  29.43 -120.03  0.25E-13
  9 12  29.53 -120.03  0.12E-13
  9 12  29.63 -120.03  0.12E-13
  9 12  28.28 -119.98  0.12E-13
  9 12  28.33 -119.98  0.37E-13
  9 12  28.38 -119.98  0.12E-13
  9 12  28.43 -119.98  0.12E-13
  9 12  28.48 -119.98  0.12E-13
  9 12  28.53 -119.98  0.25E-13
  9 12  28.58 -119.98  0.49E-13
  9 12  28.63 -119.98  0.74E-13
  9 12  28.68 -119.98  0.74E-13
  9 12  28.73 -119.98  0.61E-13
  9 12  28.78 -119.98  0.74E-13
  9 12  28.83 -119.98  0.62E-13
  9 12  28.88 -119.98  0.99E-13
  9 12  28.93 -119.98  0.37E-13
  9 12  28.98 -119.98  0.12E-13
  9 12  29.03 -119.98  0.25E-13
  9 12  29.08 -119.98  0.12E-13
  9 12  29.23 -119.98  0.12E-13
  9 12  29.48 -119.98  0.12E-13
  9 12  28.38 -119.93  0.25E-13
  9 12  28.43 -119.93  0.25E-13
  9 12  28.48 -119.93  0.74E-13
  9 12  28.53 -119.93  0.37E-13
  9 12  28.58 -119.93  0.11E-12
  9 12  28.63 -119.93  0.98E-13
  9 12  28.68 -119.93  0.98E-13
  9 12  28.73 -119.93  0.15E-12
  9 12  28.78 -119.93  0.49E-13
  9 12  28.83 -119.93  0.37E-13
  9 12  28.88 -119.93  0.86E-13
  9 12  28.93 -119.93  0.25E-13
  9 12  28.98 -119.93  0.25E-13
  9 12  29.03 -119.93  0.25E-13
  9 12  29.08 -119.93  0.62E-13
  9 12  29.13 -119.93  0.25E-13
  9 12  29.18 -119.93  0.12E-13
  9 12  29.23 -119.93  0.37E-13
  9 12  29.28 -119.93  0.25E-13
  9 12  29.33 -119.93  0.12E-13
  9 12  29.38 -119.93  0.12E-13
  9 12  28.23 -119.88  0.24E-13
  9 12  28.28 -119.88  0.12E-13
  9 12  28.33 -119.88  0.25E-13
  9 12  28.68 -119.88  0.37E-13
  9 12  28.73 -119.88  0.74E-13
  9 12  28.78 -119.88  0.74E-13
  9 12  28.83 -119.88  0.86E-13
  9 12  28.88 -119.88  0.12E-13
  9 12  28.93 -119.88  0.12E-13
  9 12  28.98 -119.88  0.62E-13
  9 12  29.03 -119.88  0.25E-13
  9 12  29.08 -119.88  0.49E-13
  9 12  29.13 -119.88  0.12E-13
  9 12  29.33 -119.88  0.12E-13
  9 12  29.38 -119.88  0.12E-13
  9 12  28.18 -119.83  0.12E-13
  9 12  28.23 -119.83  0.12E-13
  9 12  28.38 -119.83  0.25E-13
  9 12  28.43 -119.83  0.37E-13
  9 12  28.48 -119.83  0.25E-13
  9 12  28.53 -119.83  0.74E-13
  9 12  28.58 -119.83  0.12E-12
  9 12  28.63 -119.83  0.11E-12
  9 12  28.68 -119.83  0.37E-13
  9 12  28.73 -119.83  0.11E-12
  9 12  28.78 -119.83  0.18E-12
  9 12  28.83 -119.83  0.11E-12
  9 12  28.88 -119.83  0.62E-13
  9 12  28.93 -119.83  0.62E-13
  9 12  28.98 -119.83  0.25E-13
  9 12  29.08 -119.83  0.12E-13
  9 12  29.13 -119.83  0.25E-13
  9 12  29.18 -119.83  0.12E-13
  9 12  28.43 -119.78  0.12E-13
  9 12  28.48 -119.78  0.61E-13
  9 12  28.53 -119.78  0.25E-13
  9 12  28.58 -119.78  0.25E-13
  9 12  28.63 -119.78  0.61E-13
  9 12  28.68 -119.78  0.37E-13
  9 12  28.73 -119.78  0.98E-13
  9 12  28.78 -119.78  0.37E-13
  9 12  28.83 -119.78  0.62E-13
  9 12  28.88 -119.78  0.37E-13
  9 12  28.93 -119.78  0.74E-13
  9 12  28.98 -119.78  0.86E-13
  9 12  29.03 -119.78  0.49E-13
  9 12  29.08 -119.78  0.25E-13
  9 12  29.13 -119.78  0.25E-13
  9 12  29.18 -119.78  0.12E-13
  9 12  28.23 -119.73  0.37E-13
  9 12  28.28 -119.73  0.24E-13
  9 12  28.33 -119.73  0.24E-13
  9 12  28.38 -119.73  0.25E-13
  9 12  28.43 -119.73  0.37E-13
  9 12  28.68 -119.73  0.25E-13
  9 12  28.73 -119.73  0.49E-13
  9 12  28.88 -119.73  0.25E-13
  9 12  28.93 -119.73  0.25E-13
  9 12  28.98 -119.73  0.74E-13
  9 12  29.03 -119.73  0.86E-13
  9 12  29.08 -119.73  0.37E-13
  9 12  29.23 -119.73  0.37E-13
  9 12  29.28 -119.73  0.49E-13
  9 12  29.33 -119.73  0.49E-13
  9 12  29.58 -119.73  0.25E-13
  9 12  28.13 -119.68  0.12E-13
  9 12  28.18 -119.68  0.12E-13
  9 12  28.53 -119.68  0.12E-13
  9 12  28.58 -119.68  0.61E-13
  9 12  28.63 -119.68  0.61E-13
  9 12  28.68 -119.68  0.25E-13
  9 12  28.73 -119.68  0.49E-13
  9 12  28.78 -119.68  0.25E-13
  9 12  28.83 -119.68  0.62E-13
  9 12  28.88 -119.68  0.37E-13
  9 12  28.98 -119.68  0.49E-13
  9 12  29.03 -119.68  0.49E-13
  9 12  29.08 -119.68  0.49E-13
  9 12  29.13 -119.68  0.37E-13
  9 12  29.18 -119.68  0.49E-13
  9 12  29.23 -119.68  0.12E-13
  9 12  29.28 -119.68  0.12E-13
  9 12  29.33 -119.68  0.25E-13
  9 12  29.38 -119.68  0.12E-13
  9 12  29.43 -119.68  0.37E-13
  9 12  29.53 -119.68  0.37E-13
  9 12  28.48 -119.63  0.12E-13
  9 12  28.53 -119.63  0.12E-13
  9 12  28.58 -119.63  0.25E-13
  9 12  28.63 -119.63  0.37E-13
  9 12  28.68 -119.63  0.25E-13
  9 12  28.73 -119.63  0.12E-12
  9 12  28.78 -119.63  0.74E-13
  9 12  28.83 -119.63  0.74E-13
  9 12  28.88 -119.63  0.37E-13
  9 12  28.93 -119.63  0.86E-13
  9 12  28.98 -119.63  0.74E-13
  9 12  29.03 -119.63  0.25E-13
  9 12  29.08 -119.63  0.12E-13
  9 12  29.13 -119.63  0.25E-13
  9 12  29.18 -119.63  0.62E-13
  9 12  29.23 -119.63  0.49E-13
  9 12  29.28 -119.63  0.37E-13
  9 12  29.33 -119.63  0.99E-13
  9 12  29.38 -119.63  0.37E-13
  9 12  28.48 -119.58  0.37E-13
  9 12  28.53 -119.58  0.37E-13
  9 12  28.58 -119.58  0.37E-13
  9 12  28.63 -119.58  0.37E-13
  9 12  28.68 -119.58  0.12E-13
  9 12  28.78 -119.58  0.86E-13
  9 12  28.83 -119.58  0.62E-13
  9 12  28.88 -119.58  0.62E-13
  9 12  28.93 -119.58  0.12E-13
  9 12  28.98 -119.58  0.49E-13
  9 12  29.03 -119.58  0.62E-13
  9 12  29.08 -119.58  0.37E-13
  9 12  29.13 -119.58  0.37E-13
  9 12  29.18 -119.58  0.25E-13
  9 12  29.23 -119.58  0.37E-13
  9 12  29.28 -119.58  0.49E-13
  9 12  29.33 -119.58  0.37E-13
  9 12  29.38 -119.58  0.25E-13
  9 12  29.43 -119.58  0.25E-13
  9 12  28.43 -119.53  0.12E-13
  9 12  28.53 -119.53  0.12E-13
  9 12  28.58 -119.53  0.25E-13
  9 12  28.63 -119.53  0.49E-13
  9 12  28.68 -119.53  0.74E-13
  9 12  28.73 -119.53  0.86E-13
  9 12  28.78 -119.53  0.62E-13
  9 12  28.83 -119.53  0.86E-13
  9 12  28.88 -119.53  0.74E-13
  9 12  28.93 -119.53  0.99E-13
  9 12  28.98 -119.53  0.49E-13
  9 12  29.03 -119.53  0.12E-13
  9 12  29.08 -119.53  0.49E-13
  9 12  29.13 -119.53  0.15E-12
  9 12  29.18 -119.53  0.11E-12
  9 12  29.23 -119.53  0.12E-12
  9 12  29.28 -119.53  0.49E-13
  9 12  29.33 -119.53  0.12E-13
  9 12  29.68 -119.53  0.25E-13
  9 12  28.53 -119.48  0.74E-13
  9 12  28.58 -119.48  0.86E-13
  9 12  28.63 -119.48  0.74E-13
  9 12  28.68 -119.48  0.74E-13
  9 12  28.73 -119.48  0.98E-13
  9 12  28.78 -119.48  0.25E-13
  9 12  28.83 -119.48  0.25E-13
  9 12  28.88 -119.48  0.11E-12
  9 12  28.93 -119.48  0.11E-12
  9 12  28.98 -119.48  0.25E-13
  9 12  29.08 -119.48  0.25E-13
  9 12  29.23 -119.48  0.25E-13
  9 12  29.28 -119.48  0.12E-13
  9 12  29.58 -119.48  0.25E-13
  9 12  29.63 -119.48  0.37E-13
  9 12  29.68 -119.48  0.12E-13
  9 12  28.53 -119.43  0.25E-13
  9 12  28.58 -119.43  0.12E-13
  9 12  28.63 -119.43  0.37E-13
  9 12  28.68 -119.43  0.37E-13
  9 12  28.73 -119.43  0.37E-13
  9 12  28.78 -119.43  0.12E-12
  9 12  28.83 -119.43  0.74E-13
  9 12  28.88 -119.43  0.74E-13
  9 12  28.93 -119.43  0.99E-13
  9 12  28.98 -119.43  0.86E-13
  9 12  29.03 -119.43  0.86E-13
  9 12  29.08 -119.43  0.49E-13
  9 12  29.13 -119.43  0.25E-13
  9 12  29.18 -119.43  0.49E-13
  9 12  29.23 -119.43  0.25E-13
  9 12  29.28 -119.43  0.37E-13
  9 12  29.38 -119.43  0.12E-13
  9 12  29.43 -119.43  0.12E-13
  9 12  29.48 -119.43  0.25E-13
  9 12  29.53 -119.43  0.12E-13
  9 12  29.58 -119.43  0.25E-13
  9 12  28.68 -119.38  0.37E-13
  9 12  28.73 -119.38  0.74E-13
  9 12  28.78 -119.38  0.37E-13
  9 12  28.83 -119.38  0.37E-13
  9 12  28.88 -119.38  0.62E-13
  9 12  28.93 -119.38  0.37E-13
  9 12  28.98 -119.38  0.12E-13
  9 12  29.03 -119.38  0.62E-13
  9 12  29.08 -119.38  0.99E-13
  9 12  29.13 -119.38  0.86E-13
  9 12  29.18 -119.38  0.11E-12
  9 12  29.23 -119.38  0.37E-13
  9 12  29.28 -119.38  0.12E-13
  9 12  29.33 -119.38  0.12E-13
  9 12  29.38 -119.38  0.12E-13
  9 12  29.43 -119.38  0.12E-13
  9 12  28.38 -119.33  0.37E-13
  9 12  28.43 -119.33  0.25E-13
  9 12  28.53 -119.33  0.25E-13
  9 12  28.58 -119.33  0.25E-13
  9 12  28.63 -119.33  0.25E-13
  9 12  28.68 -119.33  0.49E-13
  9 12  28.73 -119.33  0.49E-13
  9 12  28.78 -119.33  0.62E-13
  9 12  28.83 -119.33  0.62E-13
  9 12  28.88 -119.33  0.25E-13
  9 12  28.93 -119.33  0.62E-13
  9 12  28.98 -119.33  0.14E-12
  9 12  29.03 -119.33  0.86E-13
  9 12  29.08 -119.33  0.74E-13
  9 12  29.13 -119.33  0.62E-13
  9 12  29.18 -119.33  0.25E-13
  9 12  29.23 -119.33  0.12E-13
  9 12  29.28 -119.33  0.25E-13
  9 12  29.33 -119.33  0.12E-13
  9 12  29.38 -119.33  0.62E-13
  9 12  29.43 -119.33  0.87E-13
  9 12  29.48 -119.33  0.25E-13
  9 12  28.68 -119.28  0.25E-13
  9 12  28.78 -119.28  0.12E-13
  9 12  28.83 -119.28  0.74E-13
  9 12  28.88 -119.28  0.74E-13
  9 12  28.93 -119.28  0.86E-13
  9 12  28.98 -119.28  0.49E-13
  9 12  29.03 -119.28  0.49E-13
  9 12  29.08 -119.28  0.12E-13
  9 12  29.13 -119.28  0.25E-13
  9 12  29.18 -119.28  0.86E-13
  9 12  29.23 -119.28  0.62E-13
  9 12  29.28 -119.28  0.25E-13
  9 12  29.43 -119.28  0.12E-13
  9 12  29.48 -119.28  0.12E-13
  9 12  29.63 -119.28  0.12E-13
  9 12  29.68 -119.28  0.12E-13
  9 12  28.68 -119.23  0.25E-13
  9 12  28.73 -119.23  0.15E-12
  9 12  28.78 -119.23  0.86E-13
  9 12  28.83 -119.23  0.98E-13
  9 12  28.88 -119.23  0.49E-13
  9 12  28.93 -119.23  0.12E-13
  9 12  28.98 -119.23  0.12E-13
  9 12  29.03 -119.23  0.37E-13
  9 12  29.08 -119.23  0.74E-13
  9 12  29.13 -119.23  0.11E-12
  9 12  29.18 -119.23  0.86E-13
  9 12  29.23 -119.23  0.49E-13
  9 12  29.28 -119.23  0.37E-13
  9 12  29.38 -119.23  0.12E-13
  9 12  29.43 -119.23  0.12E-13
  9 12  28.58 -119.18  0.25E-13
  9 12  28.63 -119.18  0.25E-13
  9 12  28.68 -119.18  0.49E-13
  9 12  28.73 -119.18  0.12E-13
  9 12  28.78 -119.18  0.25E-13
  9 12  28.83 -119.18  0.12E-13
  9 12  28.88 -119.18  0.12E-13
  9 12  28.93 -119.18  0.62E-13
  9 12  28.98 -119.18  0.11E-12
  9 12  29.03 -119.18  0.37E-13
  9 12  29.08 -119.18  0.74E-13
  9 12  29.13 -119.18  0.62E-13
  9 12  29.18 -119.18  0.49E-13
  9 12  29.23 -119.18  0.25E-13
  9 12  29.33 -119.18  0.12E-13
  9 12  29.38 -119.18  0.37E-13
  9 12  29.48 -119.18  0.25E-13
  9 12  29.53 -119.18  0.12E-13
  9 12  29.58 -119.18  0.25E-13
  9 12  28.58 -119.13  0.25E-13
  9 12  28.63 -119.13  0.25E-13
  9 12  28.78 -119.13  0.25E-13
  9 12  28.83 -119.13  0.12E-13
  9 12  28.88 -119.13  0.25E-13
  9 12  28.93 -119.13  0.99E-13
  9 12  28.98 -119.13  0.16E-12
  9 12  29.03 -119.13  0.99E-13
  9 12  29.08 -119.13  0.74E-13
  9 12  29.13 -119.13  0.99E-13
  9 12  29.18 -119.13  0.11E-12
  9 12  29.23 -119.13  0.99E-13
  9 12  29.28 -119.13  0.37E-13
  9 12  29.33 -119.13  0.49E-13
  9 12  29.38 -119.13  0.50E-13
  9 12  29.43 -119.13  0.62E-13
  9 12  29.48 -119.13  0.25E-13
  9 12  29.53 -119.13  0.37E-13
  9 12  29.58 -119.13  0.12E-13
  9 12  29.78 -119.13  0.25E-13
  9 12  29.83 -119.13  0.12E-13
  9 12  28.68 -119.08  0.12E-13
  9 12  28.73 -119.08  0.25E-13
  9 12  28.78 -119.08  0.62E-13
  9 12  28.83 -119.08  0.86E-13
  9 12  28.88 -119.08  0.74E-13
  9 12  28.93 -119.08  0.74E-13
  9 12  28.98 -119.08  0.15E-12
  9 12  29.03 -119.08  0.20E-12
  9 12  29.08 -119.08  0.11E-12
  9 12  29.13 -119.08  0.49E-13
  9 12  29.18 -119.08  0.37E-13
  9 12  29.23 -119.08  0.49E-13
  9 12  29.28 -119.08  0.37E-13
  9 12  29.33 -119.08  0.62E-13
  9 12  29.38 -119.08  0.12E-13
  9 12  29.43 -119.08  0.37E-13
  9 12  29.53 -119.08  0.37E-13
  9 12  29.63 -119.08  0.25E-13
  9 12  29.68 -119.08  0.12E-13
  9 12  29.73 -119.08  0.12E-13
  9 12  29.78 -119.08  0.12E-13
  9 12  28.83 -119.03  0.25E-13
  9 12  28.88 -119.03  0.20E-12
  9 12  28.93 -119.03  0.15E-12
  9 12  28.98 -119.03  0.14E-12
  9 12  29.03 -119.03  0.62E-13
  9 12  29.08 -119.03  0.37E-13
  9 12  29.13 -119.03  0.62E-13
  9 12  29.18 -119.03  0.74E-13
  9 12  29.23 -119.03  0.62E-13
  9 12  29.28 -119.03  0.74E-13
  9 12  29.33 -119.03  0.14E-12
  9 12  29.38 -119.03  0.25E-13
  9 12  29.43 -119.03  0.12E-13
  9 12  29.53 -119.03  0.25E-13
  9 12  29.58 -119.03  0.37E-13
  9 12  29.63 -119.03  0.74E-13
  9 12  29.83 -119.03  0.12E-13
  9 12  28.73 -118.98  0.25E-13
  9 12  28.78 -118.98  0.74E-13
  9 12  28.83 -118.98  0.98E-13
  9 12  28.88 -118.98  0.37E-13
  9 12  28.93 -118.98  0.25E-13
  9 12  29.03 -118.98  0.25E-13
  9 12  29.08 -118.98  0.62E-13
  9 12  29.13 -118.98  0.99E-13
  9 12  29.18 -118.98  0.22E-12
  9 12  29.23 -118.98  0.15E-12
  9 12  29.28 -118.98  0.99E-13
  9 12  29.33 -118.98  0.87E-13
  9 12  29.38 -118.98  0.25E-13
  9 12  29.43 -118.98  0.37E-13
  9 12  29.48 -118.98  0.62E-13
  9 12  29.53 -118.98  0.25E-13
  9 12  29.78 -118.98  0.12E-13
  9 12  29.83 -118.98  0.12E-13
  9 12  28.58 -118.93  0.25E-13
  9 12  28.63 -118.93  0.12E-13
  9 12  28.68 -118.93  0.49E-13
  9 12  28.73 -118.93  0.37E-13
  9 12  28.78 -118.93  0.12E-13
  9 12  28.83 -118.93  0.12E-13
  9 12  28.98 -118.93  0.49E-13
  9 12  29.03 -118.93  0.62E-13
  9 12  29.08 -118.93  0.99E-13
  9 12  29.13 -118.93  0.86E-13
  9 12  29.18 -118.93  0.12E-12
  9 12  29.23 -118.93  0.99E-13
  9 12  29.28 -118.93  0.99E-13
  9 12  29.33 -118.93  0.87E-13
  9 12  29.38 -118.93  0.87E-13
  9 12  29.43 -118.93  0.50E-13
  9 12  29.48 -118.93  0.12E-13
  9 12  29.53 -118.93  0.12E-13
  9 12  29.78 -118.93  0.12E-13
  9 12  28.78 -118.88  0.12E-13
  9 12  28.83 -118.88  0.25E-13
  9 12  29.03 -118.88  0.12E-13
  9 12  29.08 -118.88  0.37E-13
  9 12  29.13 -118.88  0.11E-12
  9 12  29.18 -118.88  0.99E-13
  9 12  29.23 -118.88  0.74E-13
  9 12  29.28 -118.88  0.11E-12
  9 12  29.33 -118.88  0.11E-12
  9 12  29.48 -118.88  0.12E-13
  9 12  29.53 -118.88  0.50E-13
  9 12  29.58 -118.88  0.62E-13
  9 12  29.68 -118.88  0.50E-13
  9 12  28.73 -118.83  0.12E-13
  9 12  28.98 -118.83  0.37E-13
  9 12  29.03 -118.83  0.86E-13
  9 12  29.08 -118.83  0.74E-13
  9 12  29.13 -118.83  0.37E-13
  9 12  29.18 -118.83  0.37E-13
  9 12  29.23 -118.83  0.11E-12
  9 12  29.28 -118.83  0.99E-13
  9 12  29.38 -118.83  0.25E-13
  9 12  29.43 -118.83  0.12E-13
  9 12  29.48 -118.83  0.62E-13
  9 12  29.53 -118.83  0.62E-13
  9 12  29.58 -118.83  0.50E-13
  9 12  29.63 -118.83  0.25E-13
  9 12  29.68 -118.83  0.37E-13
  9 12  29.73 -118.83  0.12E-13
  9 12  29.78 -118.83  0.12E-13
  9 12  28.83 -118.78  0.12E-13
  9 12  28.88 -118.78  0.25E-13
  9 12  28.93 -118.78  0.25E-13
  9 12  28.98 -118.78  0.62E-13
  9 12  29.03 -118.78  0.12E-13
  9 12  29.08 -118.78  0.37E-13
  9 12  29.13 -118.78  0.62E-13
  9 12  29.18 -118.78  0.74E-13
  9 12  29.23 -118.78  0.86E-13
  9 12  29.28 -118.78  0.49E-13
  9 12  29.33 -118.78  0.49E-13
  9 12  29.38 -118.78  0.62E-13
  9 12  29.43 -118.78  0.87E-13
  9 12  29.48 -118.78  0.50E-13
  9 12  29.53 -118.78  0.12E-13
  9 12  29.58 -118.78  0.12E-13
  9 12  29.63 -118.78  0.25E-13
  9 12  29.68 -118.78  0.62E-13
  9 12  29.73 -118.78  0.12E-13
  9 12  29.78 -118.78  0.12E-13
  9 12  28.73 -118.73  0.12E-13
  9 12  28.78 -118.73  0.25E-13
  9 12  28.83 -118.73  0.25E-13
  9 12  29.03 -118.73  0.49E-13
  9 12  29.08 -118.73  0.49E-13
  9 12  29.13 -118.73  0.25E-13
  9 12  29.28 -118.73  0.37E-13
  9 12  29.33 -118.73  0.49E-13
  9 12  29.38 -118.73  0.12E-13
  9 12  29.48 -118.73  0.25E-13
  9 12  29.58 -118.73  0.99E-13
  9 12  29.63 -118.73  0.74E-13
  9 12  29.68 -118.73  0.25E-13
  9 12  29.73 -118.73  0.25E-13
  9 12  29.88 -118.73  0.25E-13
  9 12  28.98 -118.68  0.12E-13
  9 12  29.13 -118.68  0.62E-13
  9 12  29.18 -118.68  0.74E-13
  9 12  29.23 -118.68  0.37E-13
  9 12  29.28 -118.68  0.25E-13
  9 12  29.33 -118.68  0.25E-13
  9 12  29.38 -118.68  0.12E-13
  9 12  29.43 -118.68  0.37E-13
  9 12  29.48 -118.68  0.25E-13
  9 12  29.63 -118.68  0.25E-13
  9 12  29.58 -118.63  0.74E-13
  9 12  29.63 -118.63  0.25E-13
  9 12  30.28 -118.63  0.12E-13
  9 12  30.38 -118.63  0.12E-13
  9 12  29.48 -118.58  0.37E-13
  9 12  29.53 -118.58  0.62E-13
  9 12  29.58 -118.58  0.12E-13
  9 12  29.73 -118.58  0.50E-13
  9 12  29.78 -118.58  0.50E-13
  9 12  30.28 -118.58  0.12E-13
  9 12  29.08 -118.53  0.12E-13
  9 12  29.53 -118.53  0.12E-13
  9 12  29.58 -118.53  0.37E-13
  9 12  29.63 -118.53  0.62E-13
  9 12  29.68 -118.53  0.11E-12
  9 12  29.73 -118.53  0.25E-13
  9 12  29.83 -118.53  0.37E-13
  9 12  29.88 -118.53  0.25E-13
  9 12  29.98 -118.53  0.12E-13
  9 12  29.63 -118.48  0.12E-13
  9 12  29.68 -118.48  0.50E-13
  9 12  29.73 -118.48  0.62E-13
  9 12  29.78 -118.48  0.25E-13
  9 12  29.83 -118.48  0.62E-13
  9 12  29.88 -118.48  0.37E-13
  9 12  29.93 -118.48  0.25E-13
  9 12  29.38 -118.43  0.12E-13
  9 12  29.63 -118.43  0.12E-13
  9 12  29.73 -118.43  0.25E-13
  9 12  29.78 -118.43  0.50E-13
  9 12  29.83 -118.43  0.37E-13
  9 12  29.88 -118.43  0.25E-13
  9 12  29.93 -118.43  0.37E-13
  9 12  29.98 -118.43  0.12E-13
  9 12  29.68 -118.38  0.25E-13
  9 12  29.73 -118.38  0.25E-13
  9 12  29.78 -118.38  0.25E-13
  9 12  29.83 -118.38  0.12E-13
  9 12  29.88 -118.38  0.12E-13
  9 12  29.93 -118.38  0.12E-13
  9 12  29.98 -118.38  0.12E-13
  9 12  30.03 -118.38  0.12E-13
  9 12  30.08 -118.38  0.25E-13
  9 12  30.13 -118.38  0.12E-13
  9 12  29.68 -118.33  0.12E-13
  9 12  29.73 -118.33  0.37E-13
  9 12  29.78 -118.33  0.50E-13
  9 12  29.83 -118.33  0.12E-13
  9 12  29.88 -118.33  0.12E-13
  9 12  29.93 -118.33  0.25E-13
  9 12  29.98 -118.33  0.50E-13
  9 12  30.03 -118.33  0.12E-13
  9 12  30.13 -118.33  0.25E-13
  9 12  30.18 -118.33  0.12E-13
  9 12  30.33 -118.33  0.12E-13
  9 12  30.38 -118.33  0.12E-13
  9 12  29.63 -118.28  0.50E-13
  9 12  29.68 -118.28  0.37E-13
  9 12  29.73 -118.28  0.25E-13
  9 12  29.88 -118.28  0.25E-13
  9 12  30.38 -118.28  0.37E-13
  9 12  29.73 -118.23  0.12E-13
  9 12  29.78 -118.23  0.50E-13
  9 12  29.83 -118.23  0.37E-13
  9 12  30.08 -118.23  0.12E-13
  9 12  30.13 -118.23  0.25E-13
  9 12  30.18 -118.23  0.12E-13
  9 12  30.23 -118.23  0.37E-13
  9 12  30.28 -118.23  0.37E-13
  9 12  30.33 -118.23  0.37E-13
  9 12  29.73 -118.18  0.25E-13
  9 12  29.78 -118.18  0.12E-13
  9 12  29.83 -118.18  0.25E-13
  9 12  30.08 -118.18  0.25E-13
  9 12  30.13 -118.18  0.25E-13
  9 12  30.18 -118.18  0.10E-12
  9 12  30.23 -118.18  0.50E-13
  9 12  30.38 -118.18  0.13E-13
  9 12  30.43 -118.18  0.13E-13
  9 12  29.73 -118.13  0.25E-13
  9 12  29.78 -118.13  0.12E-13
  9 12  29.83 -118.13  0.25E-13
  9 12  29.88 -118.13  0.37E-13
  9 12  30.08 -118.13  0.62E-13
  9 12  30.13 -118.13  0.87E-13
  9 12  30.18 -118.13  0.37E-13
  9 12  30.23 -118.13  0.25E-13
  9 12  30.33 -118.13  0.25E-13
  9 12  30.38 -118.13  0.25E-13
  9 12  30.58 -118.13  0.25E-13
  9 12  30.63 -118.13  0.25E-13
  9 12  29.83 -118.08  0.25E-13
  9 12  30.03 -118.08  0.50E-13
  9 12  30.08 -118.08  0.50E-13
  9 12  30.13 -118.08  0.50E-13
  9 12  30.18 -118.08  0.25E-13
  9 12  30.28 -118.08  0.25E-13
  9 12  30.33 -118.08  0.37E-13
  9 12  30.43 -118.08  0.25E-13
  9 12  30.53 -118.08  0.38E-13
  9 12  30.58 -118.08  0.25E-13
  9 12  29.53 -118.03  0.12E-13
  9 12  29.58 -118.03  0.25E-13
  9 12  30.08 -118.03  0.12E-13
  9 12  30.23 -118.03  0.12E-13
  9 12  30.28 -118.03  0.12E-13
  9 12  30.48 -118.03  0.38E-13
  9 12  30.58 -118.03  0.13E-13
  9 12  30.63 -118.03  0.50E-13
  9 12  29.43 -117.98  0.25E-13
  9 12  29.48 -117.98  0.25E-13
  9 12  29.53 -117.98  0.25E-13
  9 12  29.68 -117.98  0.25E-13
  9 12  29.73 -117.98  0.12E-13
  9 12  29.93 -117.98  0.12E-13
  9 12  29.98 -117.98  0.25E-13
  9 12  30.03 -117.98  0.25E-13
  9 12  30.08 -117.98  0.25E-13
  9 12  30.13 -117.98  0.25E-13
  9 12  30.18 -117.98  0.12E-13
  9 12  30.23 -117.98  0.12E-13
  9 12  30.28 -117.98  0.37E-13
  9 12  30.33 -117.98  0.12E-13
  9 12  30.58 -117.98  0.38E-13
  9 12  30.83 -117.98  0.38E-13
  9 12  29.48 -117.93  0.12E-13
  9 12  29.53 -117.93  0.37E-13
  9 12  29.58 -117.93  0.12E-13
  9 12  29.63 -117.93  0.25E-13
  9 12  29.68 -117.93  0.12E-13
  9 12  29.83 -117.93  0.12E-13
  9 12  29.88 -117.93  0.25E-13
  9 12  29.93 -117.93  0.25E-13
  9 12  30.03 -117.93  0.50E-13
  9 12  30.08 -117.93  0.12E-13
  9 12  30.13 -117.93  0.25E-13
  9 12  30.18 -117.93  0.37E-13
  9 12  30.23 -117.93  0.37E-13
  9 12  30.53 -117.93  0.13E-13
  9 12  30.73 -117.93  0.13E-13
  9 12  30.78 -117.93  0.38E-13
  9 12  30.83 -117.93  0.13E-13
  9 12  30.43 -117.88  0.25E-13
  9 12  30.48 -117.88  0.13E-13
  9 12  30.68 -117.88  0.13E-13
  9 12  30.73 -117.88  0.38E-13
  9 12  30.78 -117.88  0.13E-13
  9 12  30.33 -117.83  0.37E-13
  9 12  30.38 -117.83  0.12E-13
  9 12  30.43 -117.83  0.38E-13
  9 12  30.48 -117.83  0.25E-13
  9 12  30.83 -117.83  0.13E-13
  9 12  30.13 -117.78  0.25E-13
  9 12  30.18 -117.78  0.62E-13
  9 12  30.23 -117.78  0.37E-13
  9 12  30.28 -117.78  0.12E-13
  9 12  30.33 -117.78  0.12E-13
  9 12  30.38 -117.78  0.50E-13
  9 12  30.43 -117.78  0.50E-13
  9 12  30.48 -117.78  0.13E-13
  9 12  30.73 -117.78  0.13E-13
  9 12  30.78 -117.78  0.25E-13
  9 12  30.83 -117.78  0.13E-13
  9 12  30.08 -117.73  0.75E-13
  9 12  30.13 -117.73  0.50E-13
  9 12  30.18 -117.73  0.25E-13
  9 12  30.33 -117.73  0.87E-13
  9 12  30.38 -117.73  0.37E-13
  9 12  30.58 -117.73  0.25E-13
  9 12  30.63 -117.73  0.13E-13
  9 12  30.68 -117.73  0.38E-13
  9 12  30.73 -117.73  0.25E-13
  9 12  30.78 -117.73  0.13E-13
  9 12  31.23 -117.73  0.50E-13
  9 12  30.23 -117.68  0.12E-13
  9 12  30.28 -117.68  0.37E-13
  9 12  30.48 -117.68  0.13E-13
  9 12  30.53 -117.68  0.13E-13
  9 12  30.58 -117.68  0.63E-13
  9 12  30.63 -117.68  0.75E-13
  9 12  30.73 -117.68  0.38E-13
  9 12  30.78 -117.68  0.88E-13
  9 12  31.03 -117.68  0.25E-13
  9 12  31.08 -117.68  0.38E-13
  9 12  31.18 -117.68  0.25E-13
  9 12  31.23 -117.68  0.63E-13
  9 12  30.23 -117.63  0.12E-13
  9 12  30.63 -117.63  0.13E-13
  9 12  30.68 -117.63  0.25E-13
  9 12  30.73 -117.63  0.14E-12
  9 12  30.78 -117.63  0.50E-13
  9 12  30.83 -117.63  0.38E-13
  9 12  30.98 -117.63  0.50E-13
  9 12  31.03 -117.63  0.63E-13
  9 12  31.13 -117.63  0.50E-13
  9 12  31.18 -117.63  0.50E-13
  9 12  30.28 -117.58  0.25E-13
  9 12  30.63 -117.58  0.38E-13
  9 12  30.68 -117.58  0.13E-12
  9 12  30.73 -117.58  0.38E-13
  9 12  30.78 -117.58  0.13E-13
  9 12  30.93 -117.58  0.25E-13
  9 12  30.98 -117.58  0.38E-13
  9 12  31.08 -117.58  0.25E-13
  9 12  31.13 -117.58  0.38E-13
  9 12  31.28 -117.58  0.25E-13
  9 12  31.33 -117.58  0.13E-13
  9 12  31.63 -117.58  0.13E-13
  9 12  31.68 -117.58  0.13E-13
  9 12  30.48 -117.53  0.38E-13
  9 12  30.68 -117.53  0.13E-13
  9 12  30.73 -117.53  0.38E-13
  9 12  30.93 -117.53  0.38E-13
  9 12  31.03 -117.53  0.38E-13
  9 12  31.08 -117.53  0.38E-13
  9 12  31.23 -117.53  0.13E-13
  9 12  31.28 -117.53  0.38E-13
  9 12  31.58 -117.53  0.51E-13
  9 12  31.63 -117.53  0.25E-13
  9 12  31.98 -117.53  0.13E-13
  9 12  30.63 -117.48  0.25E-13
  9 12  30.68 -117.48  0.13E-13
  9 12  30.73 -117.48  0.38E-13
  9 12  30.88 -117.48  0.25E-13
  9 12  30.93 -117.48  0.50E-13
  9 12  30.98 -117.48  0.13E-13
  9 12  31.03 -117.48  0.13E-13
  9 12  31.13 -117.48  0.88E-13
  9 12  31.18 -117.48  0.63E-13
  9 12  31.53 -117.48  0.13E-13
  9 12  31.58 -117.48  0.38E-13
  9 12  31.78 -117.48  0.51E-13
  9 12  31.83 -117.48  0.76E-13
  9 12  31.88 -117.48  0.13E-13
  9 12  31.93 -117.48  0.89E-13
  9 12  31.98 -117.48  0.25E-13
  9 12  32.13 -117.48  0.64E-13
  9 12  30.58 -117.43  0.13E-13
  9 12  30.63 -117.43  0.13E-13
  9 12  30.78 -117.43  0.13E-13
  9 12  30.83 -117.43  0.50E-13
  9 12  30.88 -117.43  0.50E-13
  9 12  30.93 -117.43  0.25E-13
  9 12  30.98 -117.43  0.25E-13
  9 12  31.03 -117.43  0.13E-13
  9 12  31.08 -117.43  0.13E-12
  9 12  31.13 -117.43  0.88E-13
  9 12  31.53 -117.43  0.51E-13
  9 12  31.73 -117.43  0.76E-13
  9 12  31.78 -117.43  0.10E-12
  9 12  31.88 -117.43  0.13E-13
  9 12  32.08 -117.43  0.25E-13
  9 12  32.13 -117.43  0.13E-13
  9 12  30.58 -117.38  0.13E-13
  9 12  30.78 -117.38  0.13E-13
  9 12  30.83 -117.38  0.25E-13
  9 12  30.88 -117.38  0.38E-13
  9 12  30.93 -117.38  0.13E-13
  9 12  31.03 -117.38  0.88E-13
  9 12  31.08 -117.38  0.13E-13
  9 12  31.93 -117.38  0.64E-13
  9 12  31.98 -117.38  0.51E-13
  9 12  30.78 -117.33  0.63E-13
  9 12  30.83 -117.33  0.13E-13
