DAY HR    LAT     LON TEST00100
  9  3  31.38 -122.88  0.40E-13
  9  3  31.13 -122.33  0.10E-13
  9  3  31.18 -122.28  0.10E-13
  9  3  31.23 -122.28  0.10E-13
  9  3  30.88 -122.13  0.20E-13
  9  3  31.23 -122.13  0.30E-13
  9  3  31.28 -122.13  0.20E-13
  9  3  30.93 -122.08  0.10E-13
  9  3  31.13 -122.08  0.10E-13
  9  3  30.98 -121.83  0.20E-13
  9  3  31.03 -121.83  0.10E-13
  9  3  30.73 -121.78  0.20E-13
  9  3  31.08 -121.78  0.30E-13
  9  3  30.63 -121.73  0.10E-13
  9  3  30.78 -121.73  0.10E-13
  9  3  30.83 -121.73  0.10E-13
  9  3  30.88 -121.68  0.30E-13
  9  3  30.93 -121.68  0.60E-13
  9  3  30.98 -121.68  0.20E-13
  9  3  30.98 -121.58  0.10E-13
  9  3  31.03 -121.58  0.10E-13
  9  3  30.98 -121.53  0.10E-13
  9  3  31.03 -121.53  0.40E-13
  9  3  31.08 -121.53  0.40E-13
  9  3  31.13 -121.53  0.10E-13
  9  3  31.38 -121.53  0.20E-13
  9  3  31.43 -121.53  0.30E-13
  9  3  31.48 -121.53  0.30E-13
  9  3  31.53 -121.53  0.30E-13
  9  3  31.58 -121.53  0.10E-13
  9  3  31.13 -121.48  0.10E-13
  9  3  31.13 -121.38  0.20E-13
  9  3  31.18 -121.38  0.30E-13
  9  3  31.23 -121.38  0.20E-13
  9  3  30.98 -121.33  0.20E-13
  9  3  31.03 -121.33  0.20E-13
  9  3  31.38 -121.33  0.30E-13
  9  3  31.43 -121.33  0.10E-13
  9  3  30.98 -121.28  0.10E-13
  9  3  31.03 -121.28  0.10E-13
  9  3  30.93 -121.23  0.20E-13
  9  3  31.08 -121.23  0.20E-13
  9  3  31.23 -121.23  0.10E-13
  9  3  30.83 -121.18  0.10E-13
  9  3  30.88 -121.18  0.30E-13
  9  3  30.98 -121.18  0.30E-13
  9  3  31.03 -121.18  0.40E-13
  9  3  31.08 -121.18  0.10E-13
  9  3  31.13 -121.18  0.10E-13
  9  3  31.03 -121.13  0.10E-13
  9  3  31.08 -121.13  0.10E-13
  9  3  31.13 -121.13  0.40E-13
  9  3  31.23 -121.13  0.20E-13
  9  3  30.78 -121.08  0.40E-13
  9  3  30.83 -121.08  0.10E-13
  9  3  30.78 -121.03  0.20E-13
  9  3  30.83 -121.03  0.30E-13
  9  3  30.88 -121.03  0.10E-13
  9  3  30.93 -121.03  0.40E-13
  9  3  31.03 -121.03  0.10E-13
  9  3  30.63 -120.98  0.10E-13
  9  3  30.68 -120.98  0.20E-13
  9  3  30.98 -120.98  0.20E-13
  9  3  31.13 -120.98  0.10E-13
  9  3  31.18 -120.98  0.20E-13
  9  3  30.53 -120.93  0.20E-13
  9  3  30.68 -120.93  0.10E-13
  9  3  30.83 -120.93  0.30E-13
  9  3  30.88 -120.93  0.10E-13
  9  3  31.08 -120.93  0.10E-13
  9  3  31.18 -120.93  0.30E-13
  9  3  31.23 -120.93  0.10E-13
  9  3  30.53 -120.88  0.10E-13
  9  3  30.58 -120.88  0.20E-13
  9  3  30.88 -120.88  0.20E-13
  9  3  30.93 -120.88  0.30E-13
  9  3  30.58 -120.83  0.30E-13
  9  3  30.63 -120.83  0.10E-13
  9  3  30.68 -120.83  0.10E-13
  9  3  30.73 -120.83  0.40E-13
  9  3  30.78 -120.83  0.30E-13
  9  3  30.83 -120.83  0.40E-13
  9  3  30.88 -120.83  0.30E-13
  9  3  30.93 -120.83  0.20E-13
  9  3  30.68 -120.78  0.20E-13
  9  3  30.73 -120.78  0.10E-13
  9  3  30.78 -120.78  0.10E-13
  9  3  30.93 -120.78  0.30E-13
  9  3  30.98 -120.78  0.30E-13
  9  3  31.03 -120.78  0.10E-13
  9  3  30.93 -120.73  0.10E-13
  9  3  30.98 -120.73  0.30E-13
  9  3  31.03 -120.73  0.30E-13
  9  3  30.53 -120.68  0.30E-13
  9  3  30.58 -120.68  0.10E-13
  9  3  30.63 -120.68  0.30E-13
  9  3  30.68 -120.68  0.10E-13
  9  3  30.73 -120.68  0.10E-13
  9  3  30.78 -120.68  0.30E-13
  9  3  30.83 -120.68  0.20E-13
  9  3  30.88 -120.68  0.20E-13
  9  3  31.03 -120.68  0.10E-13
  9  3  31.08 -120.68  0.10E-13
  9  3  31.13 -120.68  0.10E-13
  9  3  31.18 -120.68  0.30E-13
  9  3  30.73 -120.63  0.10E-13
  9  3  30.78 -120.63  0.20E-13
  9  3  30.83 -120.63  0.30E-13
  9  3  30.88 -120.63  0.10E-13
  9  3  30.93 -120.63  0.10E-13
  9  3  30.98 -120.63  0.20E-13
  9  3  31.03 -120.63  0.10E-13
  9  3  31.08 -120.63  0.30E-13
  9  3  31.13 -120.63  0.40E-13
  9  3  31.53 -120.63  0.10E-13
  9  3  31.58 -120.63  0.30E-13
  9  3  31.63 -120.63  0.20E-13
  9  3  30.73 -120.58  0.20E-13
  9  3  30.78 -120.58  0.30E-13
  9  3  30.83 -120.58  0.30E-13
  9  3  30.88 -120.58  0.10E-13
  9  3  30.93 -120.58  0.30E-13
  9  3  30.98 -120.58  0.40E-13
  9  3  31.03 -120.58  0.40E-13
  9  3  31.08 -120.58  0.20E-13
  9  3  31.13 -120.58  0.10E-13
  9  3  31.18 -120.58  0.10E-13
  9  3  31.33 -120.58  0.10E-13
  9  3  30.63 -120.53  0.20E-13
  9  3  30.73 -120.53  0.10E-13
  9  3  30.93 -120.53  0.10E-13
  9  3  30.98 -120.53  0.40E-13
  9  3  31.03 -120.53  0.30E-13
  9  3  31.08 -120.53  0.40E-13
  9  3  31.43 -120.53  0.10E-13
  9  3  30.78 -120.48  0.20E-13
  9  3  30.83 -120.48  0.30E-13
  9  3  30.88 -120.48  0.30E-13
  9  3  30.93 -120.48  0.20E-13
  9  3  30.98 -120.48  0.10E-13
  9  3  31.03 -120.48  0.20E-13
  9  3  31.08 -120.48  0.50E-13
  9  3  31.13 -120.48  0.30E-13
  9  3  30.78 -120.43  0.10E-13
  9  3  30.83 -120.43  0.20E-13
  9  3  30.98 -120.43  0.20E-13
  9  3  31.03 -120.43  0.20E-13
  9  3  31.08 -120.43  0.30E-13
  9  3  31.13 -120.43  0.30E-13
  9  3  31.18 -120.43  0.20E-13
  9  3  31.23 -120.43  0.10E-13
  9  3  30.43 -120.38  0.10E-13
  9  3  30.83 -120.38  0.20E-13
  9  3  30.88 -120.38  0.50E-13
  9  3  31.03 -120.38  0.20E-13
  9  3  31.13 -120.38  0.10E-13
  9  3  31.18 -120.38  0.30E-13
  9  3  31.23 -120.38  0.20E-13
  9  3  31.28 -120.38  0.61E-13
  9  3  31.33 -120.38  0.40E-13
  9  3  31.58 -120.38  0.10E-13
  9  3  31.63 -120.38  0.10E-13
  9  3  30.48 -120.33  0.10E-13
  9  3  30.53 -120.33  0.10E-13
  9  3  30.58 -120.33  0.30E-13
  9  3  30.63 -120.33  0.40E-13
  9  3  30.68 -120.33  0.40E-13
  9  3  30.73 -120.33  0.30E-13
  9  3  30.78 -120.33  0.30E-13
  9  3  30.83 -120.33  0.10E-13
  9  3  30.88 -120.33  0.20E-13
  9  3  30.93 -120.33  0.30E-13
  9  3  30.98 -120.33  0.20E-13
  9  3  31.28 -120.33  0.30E-13
  9  3  31.33 -120.33  0.10E-13
  9  3  30.78 -120.28  0.30E-13
  9  3  30.83 -120.28  0.40E-13
  9  3  30.88 -120.28  0.60E-13
  9  3  30.93 -120.28  0.50E-13
  9  3  30.98 -120.28  0.10E-13
  9  3  31.03 -120.28  0.30E-13
  9  3  31.08 -120.28  0.30E-13
  9  3  31.23 -120.28  0.20E-13
  9  3  31.28 -120.28  0.20E-13
  9  3  31.33 -120.28  0.30E-13
  9  3  31.38 -120.28  0.30E-13
  9  3  31.43 -120.28  0.10E-13
  9  3  30.68 -120.23  0.30E-13
  9  3  30.73 -120.23  0.30E-13
  9  3  30.78 -120.23  0.20E-13
  9  3  30.83 -120.23  0.30E-13
  9  3  30.88 -120.23  0.30E-13
  9  3  30.93 -120.23  0.20E-13
  9  3  30.98 -120.23  0.20E-13
  9  3  31.03 -120.23  0.50E-13
  9  3  31.08 -120.23  0.40E-13
  9  3  31.13 -120.23  0.20E-13
  9  3  31.18 -120.23  0.30E-13
  9  3  31.23 -120.23  0.30E-13
  9  3  31.33 -120.23  0.30E-13
  9  3  31.38 -120.23  0.30E-13
  9  3  31.43 -120.23  0.40E-13
  9  3  31.48 -120.23  0.20E-13
  9  3  31.53 -120.23  0.10E-13
  9  3  31.58 -120.23  0.30E-13
  9  3  30.33 -120.18  0.10E-13
  9  3  30.73 -120.18  0.10E-13
  9  3  30.78 -120.18  0.10E-13
  9  3  30.83 -120.18  0.30E-13
  9  3  30.88 -120.18  0.30E-13
  9  3  30.93 -120.18  0.30E-13
  9  3  30.98 -120.18  0.10E-13
  9  3  31.03 -120.18  0.30E-13
  9  3  31.08 -120.18  0.50E-13
  9  3  31.13 -120.18  0.81E-13
  9  3  31.18 -120.18  0.19E-12
  9  3  31.23 -120.18  0.91E-13
  9  3  31.28 -120.18  0.61E-13
  9  3  31.33 -120.18  0.40E-13
  9  3  31.38 -120.18  0.40E-13
  9  3  31.43 -120.18  0.20E-13
  9  3  31.53 -120.18  0.10E-13
  9  3  30.68 -120.13  0.10E-13
  9  3  30.73 -120.13  0.20E-13
  9  3  30.78 -120.13  0.20E-13
  9  3  30.83 -120.13  0.10E-13
  9  3  30.88 -120.13  0.50E-13
  9  3  30.93 -120.13  0.50E-13
  9  3  30.98 -120.13  0.60E-13
  9  3  31.03 -120.13  0.60E-13
  9  3  31.08 -120.13  0.71E-13
  9  3  31.13 -120.13  0.60E-13
  9  3  31.18 -120.13  0.40E-13
  9  3  31.23 -120.13  0.30E-13
  9  3  31.28 -120.13  0.10E-13
  9  3  31.33 -120.13  0.40E-13
  9  3  31.38 -120.13  0.20E-13
  9  3  31.43 -120.13  0.51E-13
  9  3  31.48 -120.13  0.61E-13
  9  3  31.53 -120.13  0.30E-13
  9  3  30.78 -120.08  0.20E-13
  9  3  30.83 -120.08  0.40E-13
  9  3  30.88 -120.08  0.30E-13
  9  3  30.93 -120.08  0.50E-13
  9  3  30.98 -120.08  0.70E-13
  9  3  31.03 -120.08  0.30E-13
  9  3  31.08 -120.08  0.60E-13
  9  3  31.13 -120.08  0.91E-13
  9  3  31.18 -120.08  0.12E-12
  9  3  31.23 -120.08  0.91E-13
  9  3  31.28 -120.08  0.50E-13
  9  3  31.33 -120.08  0.10E-13
  9  3  31.43 -120.08  0.20E-13
  9  3  31.48 -120.08  0.30E-13
  9  3  31.53 -120.08  0.20E-13
  9  3  30.68 -120.03  0.20E-13
  9  3  30.73 -120.03  0.30E-13
  9  3  30.78 -120.03  0.10E-13
  9  3  30.83 -120.03  0.70E-13
  9  3  30.88 -120.03  0.10E-12
  9  3  30.93 -120.03  0.14E-12
  9  3  30.98 -120.03  0.11E-12
  9  3  31.03 -120.03  0.91E-13
  9  3  31.08 -120.03  0.40E-13
  9  3  31.13 -120.03  0.20E-13
  9  3  31.18 -120.03  0.60E-13
  9  3  31.23 -120.03  0.10E-12
  9  3  31.28 -120.03  0.12E-12
  9  3  31.33 -120.03  0.11E-12
  9  3  31.38 -120.03  0.71E-13
  9  3  31.43 -120.03  0.10E-13
  9  3  31.73 -120.03  0.30E-13
  9  3  30.48 -119.98  0.10E-13
  9  3  30.53 -119.98  0.20E-13
  9  3  30.68 -119.98  0.10E-13
  9  3  30.73 -119.98  0.10E-13
  9  3  30.78 -119.98  0.30E-13
  9  3  30.83 -119.98  0.80E-13
  9  3  30.88 -119.98  0.90E-13
  9  3  30.93 -119.98  0.11E-12
  9  3  30.98 -119.98  0.10E-12
  9  3  31.03 -119.98  0.12E-12
  9  3  31.08 -119.98  0.17E-12
  9  3  31.13 -119.98  0.14E-12
  9  3  31.18 -119.98  0.11E-12
  9  3  31.23 -119.98  0.61E-13
  9  3  31.28 -119.98  0.50E-13
  9  3  31.33 -119.98  0.71E-13
  9  3  31.38 -119.98  0.40E-13
  9  3  31.43 -119.98  0.71E-13
  9  3  31.48 -119.98  0.61E-13
  9  3  31.53 -119.98  0.10E-13
  9  3  31.63 -119.98  0.20E-13
  9  3  31.68 -119.98  0.30E-13
  9  3  31.73 -119.98  0.10E-13
  9  3  30.43 -119.93  0.30E-13
  9  3  30.48 -119.93  0.10E-13
  9  3  30.68 -119.93  0.10E-13
  9  3  30.73 -119.93  0.40E-13
  9  3  30.78 -119.93  0.40E-13
  9  3  30.83 -119.93  0.11E-12
  9  3  30.88 -119.93  0.16E-12
  9  3  30.93 -119.93  0.24E-12
  9  3  30.98 -119.93  0.18E-12
  9  3  31.03 -119.93  0.17E-12
  9  3  31.08 -119.93  0.26E-12
  9  3  31.13 -119.93  0.25E-12
  9  3  31.18 -119.93  0.26E-12
  9  3  31.23 -119.93  0.19E-12
  9  3  31.28 -119.93  0.15E-12
  9  3  31.33 -119.93  0.71E-13
  9  3  31.38 -119.93  0.91E-13
  9  3  31.43 -119.93  0.71E-13
  9  3  31.48 -119.93  0.51E-13
  9  3  31.53 -119.93  0.20E-13
  9  3  30.73 -119.88  0.50E-13
  9  3  30.78 -119.88  0.60E-13
  9  3  30.83 -119.88  0.90E-13
  9  3  30.88 -119.88  0.20E-13
  9  3  30.93 -119.88  0.30E-13
  9  3  30.98 -119.88  0.60E-13
  9  3  31.03 -119.88  0.16E-12
  9  3  31.08 -119.88  0.15E-12
  9  3  31.13 -119.88  0.14E-12
  9  3  31.18 -119.88  0.12E-12
  9  3  31.23 -119.88  0.10E-12
  9  3  31.28 -119.88  0.81E-13
  9  3  31.33 -119.88  0.13E-12
  9  3  31.38 -119.88  0.51E-13
  9  3  31.43 -119.88  0.40E-13
  9  3  31.48 -119.88  0.20E-13
  9  3  30.83 -119.83  0.50E-13
  9  3  30.88 -119.83  0.12E-12
  9  3  30.93 -119.83  0.17E-12
  9  3  30.98 -119.83  0.24E-12
  9  3  31.03 -119.83  0.22E-12
  9  3  31.08 -119.83  0.22E-12
  9  3  31.13 -119.83  0.22E-12
  9  3  31.18 -119.83  0.28E-12
  9  3  31.23 -119.83  0.29E-12
  9  3  31.28 -119.83  0.13E-12
  9  3  31.33 -119.83  0.16E-12
  9  3  31.38 -119.83  0.11E-12
  9  3  31.43 -119.83  0.10E-12
  9  3  31.48 -119.83  0.61E-13
  9  3  31.53 -119.83  0.71E-13
  9  3  31.58 -119.83  0.51E-13
  9  3  31.63 -119.83  0.30E-13
  9  3  31.68 -119.83  0.41E-13
  9  3  30.63 -119.78  0.10E-13
  9  3  30.68 -119.78  0.30E-13
  9  3  30.73 -119.78  0.20E-13
  9  3  30.78 -119.78  0.30E-13
  9  3  30.83 -119.78  0.40E-13
  9  3  30.88 -119.78  0.50E-13
  9  3  30.93 -119.78  0.80E-13
  9  3  30.98 -119.78  0.13E-12
  9  3  31.03 -119.78  0.16E-12
  9  3  31.08 -119.78  0.15E-12
  9  3  31.13 -119.78  0.23E-12
  9  3  31.18 -119.78  0.22E-12
  9  3  31.23 -119.78  0.15E-12
  9  3  31.28 -119.78  0.15E-12
  9  3  31.33 -119.78  0.22E-12
  9  3  31.38 -119.78  0.22E-12
  9  3  31.43 -119.78  0.22E-12
  9  3  31.48 -119.78  0.19E-12
  9  3  31.53 -119.78  0.12E-12
  9  3  31.58 -119.78  0.91E-13
  9  3  31.63 -119.78  0.61E-13
  9  3  31.68 -119.78  0.10E-13
  9  3  31.83 -119.78  0.10E-13
  9  3  31.88 -119.78  0.30E-13
  9  3  31.93 -119.78  0.10E-13
  9  3  30.68 -119.73  0.10E-13
  9  3  30.73 -119.73  0.20E-13
  9  3  30.78 -119.73  0.60E-13
  9  3  30.83 -119.73  0.14E-12
  9  3  30.88 -119.73  0.14E-12
  9  3  30.93 -119.73  0.23E-12
  9  3  30.98 -119.73  0.22E-12
  9  3  31.03 -119.73  0.25E-12
  9  3  31.08 -119.73  0.25E-12
  9  3  31.13 -119.73  0.20E-12
  9  3  31.18 -119.73  0.28E-12
  9  3  31.23 -119.73  0.30E-12
  9  3  31.28 -119.73  0.39E-12
  9  3  31.33 -119.73  0.30E-12
  9  3  31.38 -119.73  0.27E-12
  9  3  31.43 -119.73  0.21E-12
  9  3  31.48 -119.73  0.20E-12
  9  3  31.53 -119.73  0.16E-12
  9  3  31.58 -119.73  0.91E-13
  9  3  31.63 -119.73  0.20E-13
  9  3  31.68 -119.73  0.20E-13
  9  3  31.73 -119.73  0.10E-13
  9  3  31.78 -119.73  0.30E-13
  9  3  31.83 -119.73  0.20E-13
  9  3  30.73 -119.68  0.10E-13
  9  3  30.78 -119.68  0.60E-13
  9  3  30.83 -119.68  0.15E-12
  9  3  30.88 -119.68  0.16E-12
  9  3  30.93 -119.68  0.10E-12
  9  3  30.98 -119.68  0.18E-12
  9  3  31.03 -119.68  0.17E-12
  9  3  31.08 -119.68  0.15E-12
  9  3  31.13 -119.68  0.16E-12
  9  3  31.18 -119.68  0.16E-12
  9  3  31.23 -119.68  0.20E-12
  9  3  31.28 -119.68  0.17E-12
  9  3  31.33 -119.68  0.25E-12
  9  3  31.38 -119.68  0.23E-12
  9  3  31.43 -119.68  0.22E-12
  9  3  31.48 -119.68  0.10E-12
  9  3  31.53 -119.68  0.91E-13
  9  3  31.58 -119.68  0.30E-13
  9  3  31.63 -119.68  0.10E-13
  9  3  31.68 -119.68  0.10E-13
  9  3  31.73 -119.68  0.20E-13
  9  3  31.78 -119.68  0.51E-13
  9  3  31.83 -119.68  0.10E-13
  9  3  30.53 -119.63  0.40E-13
  9  3  30.58 -119.63  0.50E-13
  9  3  30.63 -119.63  0.40E-13
  9  3  30.68 -119.63  0.60E-13
  9  3  30.73 -119.63  0.30E-13
  9  3  30.78 -119.63  0.30E-13
  9  3  30.83 -119.63  0.15E-12
  9  3  30.88 -119.63  0.80E-13
  9  3  30.93 -119.63  0.91E-13
  9  3  30.98 -119.63  0.11E-12
  9  3  31.03 -119.63  0.26E-12
  9  3  31.08 -119.63  0.39E-12
  9  3  31.13 -119.63  0.46E-12
  9  3  31.18 -119.63  0.49E-12
  9  3  31.23 -119.63  0.40E-12
  9  3  31.28 -119.63  0.39E-12
  9  3  31.33 -119.63  0.34E-12
  9  3  31.38 -119.63  0.34E-12
  9  3  31.43 -119.63  0.30E-12
  9  3  31.48 -119.63  0.25E-12
  9  3  31.53 -119.63  0.12E-12
  9  3  31.58 -119.63  0.13E-12
  9  3  31.63 -119.63  0.91E-13
  9  3  31.68 -119.63  0.14E-12
  9  3  31.73 -119.63  0.91E-13
  9  3  31.78 -119.63  0.61E-13
  9  3  31.83 -119.63  0.10E-13
  9  3  31.88 -119.63  0.10E-13
  9  3  30.63 -119.58  0.20E-13
  9  3  30.68 -119.58  0.50E-13
  9  3  30.73 -119.58  0.10E-13
  9  3  30.78 -119.58  0.10E-13
  9  3  30.83 -119.58  0.60E-13
  9  3  30.88 -119.58  0.50E-13
  9  3  30.93 -119.58  0.13E-12
  9  3  30.98 -119.58  0.22E-12
  9  3  31.03 -119.58  0.25E-12
  9  3  31.08 -119.58  0.20E-12
  9  3  31.13 -119.58  0.23E-12
  9  3  31.18 -119.58  0.25E-12
  9  3  31.23 -119.58  0.31E-12
  9  3  31.28 -119.58  0.32E-12
  9  3  31.33 -119.58  0.38E-12
  9  3  31.38 -119.58  0.45E-12
  9  3  31.43 -119.58  0.37E-12
  9  3  31.48 -119.58  0.38E-12
  9  3  31.53 -119.58  0.26E-12
  9  3  31.58 -119.58  0.91E-13
  9  3  31.63 -119.58  0.91E-13
  9  3  31.68 -119.58  0.91E-13
  9  3  31.73 -119.58  0.61E-13
  9  3  31.78 -119.58  0.51E-13
  9  3  31.83 -119.58  0.51E-13
  9  3  31.88 -119.58  0.10E-13
  9  3  30.83 -119.53  0.30E-13
  9  3  30.88 -119.53  0.80E-13
  9  3  30.93 -119.53  0.50E-13
  9  3  30.98 -119.53  0.91E-13
  9  3  31.03 -119.53  0.91E-13
  9  3  31.08 -119.53  0.20E-12
  9  3  31.13 -119.53  0.31E-12
  9  3  31.18 -119.53  0.27E-12
  9  3  31.23 -119.53  0.32E-12
  9  3  31.28 -119.53  0.44E-12
  9  3  31.33 -119.53  0.46E-12
  9  3  31.38 -119.53  0.47E-12
  9  3  31.43 -119.53  0.45E-12
  9  3  31.48 -119.53  0.32E-12
  9  3  31.53 -119.53  0.23E-12
  9  3  31.58 -119.53  0.21E-12
  9  3  31.63 -119.53  0.15E-12
  9  3  31.68 -119.53  0.16E-12
  9  3  31.73 -119.53  0.13E-12
  9  3  31.78 -119.53  0.20E-13
  9  3  31.83 -119.53  0.30E-13
  9  3  31.88 -119.53  0.51E-13
  9  3  31.93 -119.53  0.20E-13
  9  3  30.83 -119.48  0.20E-13
  9  3  30.88 -119.48  0.50E-13
  9  3  30.93 -119.48  0.70E-13
  9  3  30.98 -119.48  0.13E-12
  9  3  31.03 -119.48  0.70E-13
  9  3  31.08 -119.48  0.22E-12
  9  3  31.13 -119.48  0.31E-12
  9  3  31.18 -119.48  0.34E-12
  9  3  31.23 -119.48  0.35E-12
  9  3  31.28 -119.48  0.26E-12
  9  3  31.33 -119.48  0.32E-12
  9  3  31.38 -119.48  0.47E-12
  9  3  31.43 -119.48  0.45E-12
  9  3  31.48 -119.48  0.47E-12
  9  3  31.53 -119.48  0.43E-12
  9  3  31.58 -119.48  0.26E-12
  9  3  31.63 -119.48  0.29E-12
  9  3  31.68 -119.48  0.17E-12
  9  3  31.73 -119.48  0.11E-12
  9  3  31.78 -119.48  0.11E-12
  9  3  31.83 -119.48  0.61E-13
  9  3  31.88 -119.48  0.30E-13
  9  3  31.93 -119.48  0.30E-13
  9  3  32.03 -119.48  0.20E-13
  9  3  32.33 -119.48  0.31E-13
  9  3  32.38 -119.48  0.20E-13
  9  3  30.83 -119.43  0.20E-13
  9  3  30.88 -119.43  0.40E-13
  9  3  30.93 -119.43  0.50E-13
  9  3  30.98 -119.43  0.91E-13
  9  3  31.03 -119.43  0.91E-13
  9  3  31.08 -119.43  0.14E-12
  9  3  31.13 -119.43  0.12E-12
  9  3  31.18 -119.43  0.18E-12
  9  3  31.23 -119.43  0.20E-12
  9  3  31.28 -119.43  0.36E-12
  9  3  31.33 -119.43  0.44E-12
  9  3  31.38 -119.43  0.55E-12
  9  3  31.43 -119.43  0.57E-12
  9  3  31.48 -119.43  0.61E-12
  9  3  31.53 -119.43  0.33E-12
  9  3  31.58 -119.43  0.30E-12
  9  3  31.63 -119.43  0.37E-12
  9  3  31.68 -119.43  0.29E-12
  9  3  31.73 -119.43  0.22E-12
  9  3  31.78 -119.43  0.16E-12
  9  3  31.83 -119.43  0.91E-13
  9  3  31.88 -119.43  0.71E-13
  9  3  31.93 -119.43  0.41E-13
  9  3  31.98 -119.43  0.71E-13
  9  3  32.03 -119.43  0.61E-13
  9  3  32.08 -119.43  0.71E-13
  9  3  32.13 -119.43  0.31E-13
  9  3  32.23 -119.43  0.41E-13
  9  3  32.28 -119.43  0.41E-13
  9  3  32.33 -119.43  0.10E-13
  9  3  30.93 -119.38  0.30E-13
  9  3  30.98 -119.38  0.10E-12
  9  3  31.03 -119.38  0.14E-12
  9  3  31.08 -119.38  0.17E-12
  9  3  31.13 -119.38  0.31E-12
  9  3  31.18 -119.38  0.44E-12
  9  3  31.23 -119.38  0.51E-12
  9  3  31.28 -119.38  0.51E-12
  9  3  31.33 -119.38  0.47E-12
  9  3  31.38 -119.38  0.55E-12
  9  3  31.43 -119.38  0.56E-12
  9  3  31.48 -119.38  0.65E-12
  9  3  31.53 -119.38  0.64E-12
  9  3  31.58 -119.38  0.70E-12
  9  3  31.63 -119.38  0.32E-12
  9  3  31.68 -119.38  0.35E-12
  9  3  31.73 -119.38  0.29E-12
  9  3  31.78 -119.38  0.22E-12
  9  3  31.83 -119.38  0.20E-12
  9  3  31.88 -119.38  0.12E-12
  9  3  31.93 -119.38  0.10E-12
  9  3  31.98 -119.38  0.81E-13
  9  3  32.03 -119.38  0.51E-13
  9  3  32.08 -119.38  0.51E-13
  9  3  32.13 -119.38  0.61E-13
  9  3  32.18 -119.38  0.31E-13
  9  3  32.28 -119.38  0.31E-13
  9  3  30.73 -119.33  0.10E-13
  9  3  30.78 -119.33  0.20E-13
  9  3  30.88 -119.33  0.10E-13
  9  3  30.98 -119.33  0.50E-13
  9  3  31.03 -119.33  0.81E-13
  9  3  31.08 -119.33  0.19E-12
  9  3  31.13 -119.33  0.22E-12
  9  3  31.18 -119.33  0.23E-12
  9  3  31.23 -119.33  0.44E-12
  9  3  31.28 -119.33  0.32E-12
  9  3  31.33 -119.33  0.41E-12
  9  3  31.38 -119.33  0.62E-12
  9  3  31.43 -119.33  0.49E-12
  9  3  31.48 -119.33  0.52E-12
  9  3  31.53 -119.33  0.57E-12
  9  3  31.58 -119.33  0.41E-12
  9  3  31.63 -119.33  0.28E-12
  9  3  31.68 -119.33  0.26E-12
  9  3  31.73 -119.33  0.17E-12
  9  3  31.78 -119.33  0.13E-12
  9  3  31.83 -119.33  0.16E-12
  9  3  31.88 -119.33  0.17E-12
  9  3  31.93 -119.33  0.20E-12
  9  3  31.98 -119.33  0.71E-13
  9  3  32.03 -119.33  0.81E-13
  9  3  32.08 -119.33  0.11E-12
  9  3  32.13 -119.33  0.61E-13
  9  3  32.18 -119.33  0.41E-13
  9  3  32.23 -119.33  0.71E-13
  9  3  32.28 -119.33  0.31E-13
  9  3  30.73 -119.28  0.10E-13
  9  3  30.93 -119.28  0.10E-13
  9  3  30.98 -119.28  0.40E-13
  9  3  31.03 -119.28  0.40E-13
  9  3  31.08 -119.28  0.10E-12
  9  3  31.13 -119.28  0.15E-12
  9  3  31.18 -119.28  0.25E-12
  9  3  31.23 -119.28  0.35E-12
  9  3  31.28 -119.28  0.36E-12
  9  3  31.33 -119.28  0.44E-12
  9  3  31.38 -119.28  0.47E-12
  9  3  31.43 -119.28  0.47E-12
  9  3  31.48 -119.28  0.34E-12
  9  3  31.53 -119.28  0.34E-12
  9  3  31.58 -119.28  0.42E-12
  9  3  31.63 -119.28  0.33E-12
  9  3  31.68 -119.28  0.39E-12
  9  3  31.73 -119.28  0.38E-12
  9  3  31.78 -119.28  0.29E-12
  9  3  31.83 -119.28  0.28E-12
  9  3  31.88 -119.28  0.24E-12
  9  3  31.93 -119.28  0.18E-12
  9  3  31.98 -119.28  0.14E-12
  9  3  32.03 -119.28  0.92E-13
  9  3  32.08 -119.28  0.51E-13
  9  3  32.13 -119.28  0.51E-13
  9  3  32.18 -119.28  0.31E-13
  9  3  32.43 -119.28  0.31E-13
  9  3  30.93 -119.23  0.20E-13
  9  3  30.98 -119.23  0.50E-13
  9  3  31.03 -119.23  0.70E-13
  9  3  31.08 -119.23  0.11E-12
  9  3  31.13 -119.23  0.13E-12
  9  3  31.18 -119.23  0.18E-12
  9  3  31.23 -119.23  0.12E-12
  9  3  31.28 -119.23  0.30E-12
  9  3  31.33 -119.23  0.23E-12
  9  3  31.38 -119.23  0.31E-12
  9  3  31.43 -119.23  0.39E-12
  9  3  31.48 -119.23  0.38E-12
  9  3  31.53 -119.23  0.45E-12
  9  3  31.58 -119.23  0.43E-12
  9  3  31.63 -119.23  0.58E-12
  9  3  31.68 -119.23  0.56E-12
  9  3  31.73 -119.23  0.38E-12
  9  3  31.78 -119.23  0.39E-12
  9  3  31.83 -119.23  0.30E-12
  9  3  31.88 -119.23  0.35E-12
  9  3  31.93 -119.23  0.22E-12
  9  3  31.98 -119.23  0.22E-12
  9  3  32.03 -119.23  0.16E-12
  9  3  32.08 -119.23  0.81E-13
  9  3  32.13 -119.23  0.41E-13
  9  3  32.18 -119.23  0.10E-13
  9  3  32.38 -119.23  0.41E-13
  9  3  32.43 -119.23  0.10E-13
  9  3  32.48 -119.23  0.31E-13
  9  3  30.98 -119.18  0.50E-13
  9  3  31.03 -119.18  0.40E-13
  9  3  31.08 -119.18  0.30E-13
  9  3  31.13 -119.18  0.60E-13
  9  3  31.18 -119.18  0.50E-13
  9  3  31.23 -119.18  0.12E-12
  9  3  31.28 -119.18  0.10E-12
  9  3  31.33 -119.18  0.19E-12
  9  3  31.38 -119.18  0.23E-12
  9  3  31.43 -119.18  0.16E-12
  9  3  31.48 -119.18  0.15E-12
  9  3  31.53 -119.18  0.33E-12
  9  3  31.58 -119.18  0.39E-12
  9  3  31.63 -119.18  0.31E-12
  9  3  31.68 -119.18  0.39E-12
  9  3  31.73 -119.18  0.47E-12
  9  3  31.78 -119.18  0.41E-12
  9  3  31.83 -119.18  0.28E-12
  9  3  31.88 -119.18  0.21E-12
  9  3  31.93 -119.18  0.21E-12
  9  3  31.98 -119.18  0.19E-12
  9  3  32.03 -119.18  0.17E-12
  9  3  32.08 -119.18  0.14E-12
  9  3  32.13 -119.18  0.10E-12
  9  3  32.18 -119.18  0.41E-13
  9  3  32.23 -119.18  0.51E-13
  9  3  32.28 -119.18  0.41E-13
  9  3  32.33 -119.18  0.71E-13
  9  3  32.38 -119.18  0.41E-13
  9  3  32.43 -119.18  0.20E-13
  9  3  32.48 -119.18  0.20E-13
  9  3  31.18 -119.13  0.30E-13
  9  3  31.23 -119.13  0.61E-13
  9  3  31.28 -119.13  0.16E-12
  9  3  31.33 -119.13  0.15E-12
  9  3  31.38 -119.13  0.24E-12
  9  3  31.43 -119.13  0.41E-12
  9  3  31.48 -119.13  0.39E-12
  9  3  31.53 -119.13  0.50E-12
  9  3  31.58 -119.13  0.35E-12
  9  3  31.63 -119.13  0.34E-12
  9  3  31.68 -119.13  0.49E-12
  9  3  31.73 -119.13  0.44E-12
  9  3  31.78 -119.13  0.47E-12
  9  3  31.83 -119.13  0.43E-12
  9  3  31.88 -119.13  0.45E-12
  9  3  31.93 -119.13  0.43E-12
  9  3  31.98 -119.13  0.24E-12
  9  3  32.03 -119.13  0.14E-12
  9  3  32.08 -119.13  0.16E-12
  9  3  32.13 -119.13  0.61E-13
  9  3  32.18 -119.13  0.71E-13
  9  3  32.23 -119.13  0.71E-13
  9  3  32.28 -119.13  0.82E-13
  9  3  32.33 -119.13  0.31E-13
  9  3  32.38 -119.13  0.10E-13
  9  3  32.43 -119.13  0.41E-13
  9  3  32.48 -119.13  0.20E-13
  9  3  31.13 -119.08  0.10E-13
  9  3  31.18 -119.08  0.50E-13
  9  3  31.23 -119.08  0.13E-12
  9  3  31.28 -119.08  0.10E-12
  9  3  31.33 -119.08  0.24E-12
  9  3  31.38 -119.08  0.32E-12
  9  3  31.43 -119.08  0.34E-12
  9  3  31.48 -119.08  0.35E-12
  9  3  31.53 -119.08  0.33E-12
  9  3  31.58 -119.08  0.23E-12
  9  3  31.63 -119.08  0.26E-12
  9  3  31.68 -119.08  0.29E-12
  9  3  31.73 -119.08  0.34E-12
  9  3  31.78 -119.08  0.37E-12
  9  3  31.83 -119.08  0.41E-12
  9  3  31.88 -119.08  0.47E-12
  9  3  31.93 -119.08  0.29E-12
  9  3  31.98 -119.08  0.20E-12
  9  3  32.03 -119.08  0.12E-12
  9  3  32.08 -119.08  0.17E-12
  9  3  32.13 -119.08  0.18E-12
  9  3  32.18 -119.08  0.14E-12
  9  3  32.23 -119.08  0.10E-13
  9  3  32.28 -119.08  0.20E-13
  9  3  32.33 -119.08  0.61E-13
  9  3  32.38 -119.08  0.31E-13
  9  3  32.43 -119.08  0.31E-13
  9  3  31.18 -119.03  0.10E-13
  9  3  31.23 -119.03  0.61E-13
  9  3  31.28 -119.03  0.10E-12
  9  3  31.33 -119.03  0.12E-12
  9  3  31.38 -119.03  0.13E-12
  9  3  31.43 -119.03  0.15E-12
  9  3  31.48 -119.03  0.17E-12
  9  3  31.53 -119.03  0.22E-12
  9  3  31.58 -119.03  0.31E-12
  9  3  31.63 -119.03  0.38E-12
  9  3  31.68 -119.03  0.41E-12
  9  3  31.73 -119.03  0.44E-12
  9  3  31.78 -119.03  0.45E-12
  9  3  31.83 -119.03  0.56E-12
  9  3  31.88 -119.03  0.49E-12
  9  3  31.93 -119.03  0.37E-12
  9  3  31.98 -119.03  0.28E-12
  9  3  32.03 -119.03  0.21E-12
  9  3  32.08 -119.03  0.19E-12
  9  3  32.13 -119.03  0.25E-12
  9  3  32.18 -119.03  0.13E-12
  9  3  32.23 -119.03  0.15E-12
  9  3  32.28 -119.03  0.13E-12
  9  3  32.33 -119.03  0.10E-13
  9  3  31.13 -118.98  0.10E-13
  9  3  31.18 -118.98  0.10E-13
  9  3  31.33 -118.98  0.20E-13
  9  3  31.38 -118.98  0.71E-13
  9  3  31.43 -118.98  0.91E-13
  9  3  31.48 -118.98  0.11E-12
  9  3  31.53 -118.98  0.16E-12
  9  3  31.58 -118.98  0.17E-12
  9  3  31.63 -118.98  0.25E-12
  9  3  31.68 -118.98  0.36E-12
  9  3  31.73 -118.98  0.35E-12
  9  3  31.78 -118.98  0.35E-12
  9  3  31.83 -118.98  0.24E-12
  9  3  31.88 -118.98  0.33E-12
  9  3  31.93 -118.98  0.25E-12
  9  3  31.98 -118.98  0.28E-12
  9  3  32.03 -118.98  0.47E-12
  9  3  32.08 -118.98  0.43E-12
  9  3  32.13 -118.98  0.28E-12
  9  3  32.18 -118.98  0.24E-12
  9  3  32.23 -118.98  0.21E-12
  9  3  32.28 -118.98  0.92E-13
  9  3  32.33 -118.98  0.10E-13
  9  3  32.38 -118.98  0.41E-13
  9  3  32.43 -118.98  0.31E-13
  9  3  32.63 -118.98  0.20E-13
  9  3  31.43 -118.93  0.30E-13
  9  3  31.48 -118.93  0.71E-13
  9  3  31.53 -118.93  0.71E-13
  9  3  31.58 -118.93  0.16E-12
  9  3  31.63 -118.93  0.12E-12
  9  3  31.68 -118.93  0.51E-13
  9  3  31.73 -118.93  0.12E-12
  9  3  31.78 -118.93  0.22E-12
  9  3  31.83 -118.93  0.26E-12
  9  3  31.88 -118.93  0.24E-12
  9  3  31.93 -118.93  0.25E-12
  9  3  31.98 -118.93  0.55E-12
  9  3  32.03 -118.93  0.42E-12
  9  3  32.08 -118.93  0.37E-12
  9  3  32.13 -118.93  0.36E-12
  9  3  32.18 -118.93  0.31E-12
  9  3  32.23 -118.93  0.14E-12
  9  3  32.28 -118.93  0.15E-12
  9  3  32.33 -118.93  0.11E-12
  9  3  32.38 -118.93  0.82E-13
  9  3  32.43 -118.93  0.20E-13
  9  3  32.48 -118.93  0.20E-13
  9  3  32.53 -118.93  0.10E-13
  9  3  32.58 -118.93  0.31E-13
  9  3  32.63 -118.93  0.31E-13
  9  3  31.33 -118.88  0.10E-13
  9  3  31.38 -118.88  0.30E-13
  9  3  31.43 -118.88  0.40E-13
  9  3  31.48 -118.88  0.51E-13
  9  3  31.53 -118.88  0.30E-13
  9  3  31.63 -118.88  0.61E-13
  9  3  31.68 -118.88  0.15E-12
  9  3  31.73 -118.88  0.20E-12
  9  3  31.78 -118.88  0.20E-12
  9  3  31.83 -118.88  0.27E-12
  9  3  31.88 -118.88  0.20E-12
  9  3  31.93 -118.88  0.25E-12
  9  3  31.98 -118.88  0.39E-12
  9  3  32.03 -118.88  0.46E-12
  9  3  32.08 -118.88  0.42E-12
  9  3  32.13 -118.88  0.36E-12
  9  3  32.18 -118.88  0.23E-12
  9  3  32.23 -118.88  0.10E-12
  9  3  32.28 -118.88  0.92E-13
  9  3  32.33 -118.88  0.61E-13
  9  3  32.38 -118.88  0.51E-13
  9  3  32.43 -118.88  0.72E-13
  9  3  32.48 -118.88  0.20E-13
  9  3  32.53 -118.88  0.51E-13
  9  3  32.58 -118.88  0.20E-13
  9  3  32.78 -118.88  0.10E-13
  9  3  31.28 -118.83  0.10E-13
  9  3  31.33 -118.83  0.50E-13
  9  3  31.38 -118.83  0.20E-13
  9  3  31.48 -118.83  0.20E-13
  9  3  31.53 -118.83  0.30E-13
  9  3  31.58 -118.83  0.61E-13
  9  3  31.63 -118.83  0.71E-13
  9  3  31.68 -118.83  0.14E-12
  9  3  31.73 -118.83  0.25E-12
  9  3  31.78 -118.83  0.21E-12
  9  3  31.83 -118.83  0.13E-12
  9  3  31.88 -118.83  0.24E-12
  9  3  31.93 -118.83  0.41E-12
  9  3  31.98 -118.83  0.24E-12
  9  3  32.03 -118.83  0.38E-12
  9  3  32.08 -118.83  0.37E-12
  9  3  32.13 -118.83  0.25E-12
  9  3  32.18 -118.83  0.92E-13
  9  3  32.23 -118.83  0.15E-12
  9  3  32.28 -118.83  0.11E-12
  9  3  32.33 -118.83  0.13E-12
  9  3  32.38 -118.83  0.82E-13
  9  3  32.43 -118.83  0.13E-12
  9  3  32.48 -118.83  0.51E-13
  9  3  32.53 -118.83  0.61E-13
  9  3  32.58 -118.83  0.61E-13
  9  3  32.73 -118.83  0.41E-13
  9  3  32.78 -118.83  0.10E-13
  9  3  32.93 -118.83  0.21E-13
  9  3  31.43 -118.78  0.30E-13
  9  3  31.48 -118.78  0.51E-13
  9  3  31.53 -118.78  0.30E-13
  9  3  31.58 -118.78  0.10E-13
  9  3  31.63 -118.78  0.10E-13
  9  3  31.68 -118.78  0.51E-13
  9  3  31.73 -118.78  0.81E-13
  9  3  31.78 -118.78  0.19E-12
  9  3  31.83 -118.78  0.15E-12
  9  3  31.88 -118.78  0.34E-12
  9  3  31.93 -118.78  0.28E-12
  9  3  31.98 -118.78  0.34E-12
  9  3  32.03 -118.78  0.23E-12
  9  3  32.08 -118.78  0.13E-12
  9  3  32.13 -118.78  0.10E-12
  9  3  32.18 -118.78  0.14E-12
  9  3  32.23 -118.78  0.61E-13
  9  3  32.28 -118.78  0.51E-13
  9  3  32.33 -118.78  0.16E-12
  9  3  32.38 -118.78  0.11E-12
  9  3  32.43 -118.78  0.13E-12
  9  3  32.48 -118.78  0.11E-12
  9  3  32.53 -118.78  0.14E-12
  9  3  32.58 -118.78  0.61E-13
  9  3  32.63 -118.78  0.51E-13
  9  3  32.68 -118.78  0.21E-13
  9  3  32.73 -118.78  0.41E-13
  9  3  32.88 -118.78  0.10E-13
  9  3  32.93 -118.78  0.21E-13
  9  3  31.58 -118.73  0.10E-13
  9  3  31.63 -118.73  0.20E-13
  9  3  31.68 -118.73  0.51E-13
  9  3  31.73 -118.73  0.13E-12
  9  3  31.78 -118.73  0.91E-13
  9  3  31.83 -118.73  0.71E-13
  9  3  31.88 -118.73  0.51E-13
  9  3  31.93 -118.73  0.91E-13
  9  3  31.98 -118.73  0.51E-13
  9  3  32.03 -118.73  0.31E-13
  9  3  32.08 -118.73  0.92E-13
  9  3  32.13 -118.73  0.11E-12
  9  3  32.18 -118.73  0.14E-12
  9  3  32.23 -118.73  0.11E-12
  9  3  32.28 -118.73  0.21E-12
  9  3  32.33 -118.73  0.14E-12
  9  3  32.38 -118.73  0.25E-12
  9  3  32.43 -118.73  0.31E-12
  9  3  32.48 -118.73  0.19E-12
  9  3  32.53 -118.73  0.72E-13
  9  3  32.58 -118.73  0.61E-13
  9  3  32.63 -118.73  0.61E-13
  9  3  32.68 -118.73  0.41E-13
  9  3  32.88 -118.73  0.41E-13
  9  3  31.68 -118.68  0.30E-13
  9  3  31.73 -118.68  0.30E-13
  9  3  31.78 -118.68  0.51E-13
  9  3  31.83 -118.68  0.41E-13
  9  3  31.88 -118.68  0.81E-13
  9  3  31.93 -118.68  0.61E-13
  9  3  31.98 -118.68  0.41E-13
  9  3  32.03 -118.68  0.61E-13
  9  3  32.08 -118.68  0.92E-13
  9  3  32.13 -118.68  0.19E-12
  9  3  32.18 -118.68  0.13E-12
  9  3  32.23 -118.68  0.19E-12
  9  3  32.28 -118.68  0.61E-13
  9  3  32.33 -118.68  0.25E-12
  9  3  32.38 -118.68  0.20E-12
  9  3  32.43 -118.68  0.21E-12
  9  3  32.48 -118.68  0.14E-12
  9  3  32.53 -118.68  0.61E-13
  9  3  32.58 -118.68  0.41E-13
  9  3  32.63 -118.68  0.20E-13
  9  3  32.68 -118.68  0.31E-13
  9  3  32.78 -118.68  0.21E-13
  9  3  32.83 -118.68  0.31E-13
  9  3  32.88 -118.68  0.10E-13
  9  3  31.63 -118.63  0.20E-13
  9  3  31.68 -118.63  0.30E-13
  9  3  31.73 -118.63  0.61E-13
  9  3  31.78 -118.63  0.20E-13
  9  3  31.83 -118.63  0.20E-13
  9  3  31.88 -118.63  0.30E-13
  9  3  31.93 -118.63  0.81E-13
  9  3  31.98 -118.63  0.92E-13
  9  3  32.03 -118.63  0.10E-12
  9  3  32.08 -118.63  0.14E-12
  9  3  32.13 -118.63  0.15E-12
  9  3  32.18 -118.63  0.11E-12
  9  3  32.23 -118.63  0.61E-13
  9  3  32.28 -118.63  0.22E-12
  9  3  32.33 -118.63  0.19E-12
  9  3  32.38 -118.63  0.17E-12
  9  3  32.43 -118.63  0.72E-13
  9  3  32.48 -118.63  0.82E-13
  9  3  32.53 -118.63  0.92E-13
  9  3  32.58 -118.63  0.61E-13
  9  3  32.63 -118.63  0.31E-13
  9  3  32.73 -118.63  0.41E-13
  9  3  32.78 -118.63  0.31E-13
  9  3  32.83 -118.63  0.21E-13
  9  3  31.63 -118.58  0.10E-13
  9  3  31.68 -118.58  0.41E-13
  9  3  31.73 -118.58  0.30E-13
  9  3  31.78 -118.58  0.20E-13
  9  3  31.83 -118.58  0.71E-13
  9  3  31.88 -118.58  0.81E-13
  9  3  31.93 -118.58  0.61E-13
  9  3  31.98 -118.58  0.71E-13
  9  3  32.03 -118.58  0.92E-13
  9  3  32.08 -118.58  0.10E-12
  9  3  32.13 -118.58  0.71E-13
  9  3  32.18 -118.58  0.10E-12
  9  3  32.23 -118.58  0.18E-12
  9  3  32.28 -118.58  0.92E-13
  9  3  32.33 -118.58  0.14E-12
  9  3  32.38 -118.58  0.11E-12
  9  3  32.43 -118.58  0.11E-12
  9  3  32.48 -118.58  0.13E-12
  9  3  32.53 -118.58  0.11E-12
  9  3  32.58 -118.58  0.72E-13
  9  3  32.63 -118.58  0.31E-13
  9  3  32.73 -118.58  0.10E-12
  9  3  32.78 -118.58  0.10E-13
  9  3  31.63 -118.53  0.20E-13
  9  3  31.98 -118.53  0.10E-13
  9  3  32.03 -118.53  0.10E-13
  9  3  32.08 -118.53  0.81E-13
  9  3  32.13 -118.53  0.61E-13
  9  3  32.18 -118.53  0.92E-13
  9  3  32.23 -118.53  0.10E-13
  9  3  32.28 -118.53  0.61E-13
  9  3  32.33 -118.53  0.10E-12
  9  3  32.38 -118.53  0.82E-13
  9  3  32.43 -118.53  0.10E-12
  9  3  32.48 -118.53  0.12E-12
  9  3  32.53 -118.53  0.10E-12
  9  3  32.58 -118.53  0.61E-13
  9  3  32.68 -118.53  0.72E-13
  9  3  32.73 -118.53  0.51E-13
  9  3  32.03 -118.48  0.10E-13
  9  3  32.08 -118.48  0.20E-13
  9  3  32.23 -118.48  0.31E-13
  9  3  32.28 -118.48  0.51E-13
  9  3  32.33 -118.48  0.11E-12
  9  3  32.38 -118.48  0.92E-13
  9  3  32.43 -118.48  0.13E-12
  9  3  32.48 -118.48  0.92E-13
  9  3  32.53 -118.48  0.41E-13
  9  3  32.58 -118.48  0.10E-13
  9  3  32.63 -118.48  0.20E-13
  9  3  32.68 -118.48  0.82E-13
  9  3  32.73 -118.48  0.10E-13
  9  3  32.78 -118.48  0.31E-13
  9  3  32.93 -118.48  0.21E-13
  9  3  32.23 -118.43  0.31E-13
  9  3  32.28 -118.43  0.41E-13
  9  3  32.33 -118.43  0.82E-13
  9  3  32.38 -118.43  0.10E-12
  9  3  32.43 -118.43  0.82E-13
  9  3  32.48 -118.43  0.82E-13
  9  3  32.58 -118.43  0.10E-13
  9  3  32.63 -118.43  0.31E-13
  9  3  32.68 -118.43  0.61E-13
  9  3  32.73 -118.43  0.72E-13
  9  3  32.78 -118.43  0.10E-13
  9  3  32.83 -118.43  0.10E-13
  9  3  32.88 -118.43  0.31E-13
  9  3  32.93 -118.43  0.10E-13
  9  3  32.18 -118.38  0.51E-13
  9  3  32.28 -118.38  0.41E-13
  9  3  32.33 -118.38  0.10E-12
  9  3  32.38 -118.38  0.20E-13
  9  3  32.43 -118.38  0.10E-13
  9  3  32.63 -118.38  0.61E-13
  9  3  32.68 -118.38  0.41E-13
  9  3  32.73 -118.38  0.62E-13
  9  3  32.83 -118.38  0.41E-13
  9  3  32.88 -118.38  0.62E-13
  9  3  32.13 -118.33  0.31E-13
  9  3  32.28 -118.33  0.10E-13
  9  3  32.33 -118.33  0.51E-13
  9  3  32.58 -118.33  0.20E-13
  9  3  32.63 -118.33  0.51E-13
  9  3  32.68 -118.33  0.72E-13
  9  3  32.83 -118.33  0.10E-13
  9  3  32.88 -118.33  0.21E-13
  9  3  32.28 -118.28  0.51E-13
  9  3  32.58 -118.28  0.41E-13
  9  3  32.63 -118.28  0.41E-13
  9  3  32.68 -118.28  0.31E-13
  9  3  32.83 -118.28  0.41E-13
  9  3  32.23 -118.23  0.31E-13
  9  3  32.58 -118.23  0.10E-13
  9  3  32.83 -118.23  0.41E-13
  9  3  32.78 -118.18  0.31E-13
