DAY HR    LAT     LON TEST00100
  8 22  32.38 -120.38  0.31E-13
  8 22  32.08 -120.28  0.10E-13
  8 22  32.13 -120.28  0.10E-13
  8 22  32.13 -120.23  0.10E-13
  8 22  32.28 -120.23  0.10E-13
  8 22  32.48 -120.18  0.10E-13
  8 22  32.23 -120.13  0.20E-13
  8 22  32.43 -120.13  0.20E-13
  8 22  32.48 -120.13  0.51E-13
  8 22  32.53 -120.13  0.10E-13
  8 22  32.58 -120.13  0.41E-13
  8 22  32.33 -120.08  0.71E-13
  8 22  32.38 -120.08  0.31E-13
  8 22  32.43 -120.08  0.31E-13
  8 22  32.48 -120.08  0.31E-13
  8 22  32.63 -120.08  0.31E-13
  8 22  32.68 -120.08  0.41E-13
  8 22  32.73 -120.08  0.41E-13
  8 22  32.28 -120.03  0.31E-13
  8 22  32.33 -120.03  0.71E-13
  8 22  32.38 -120.03  0.10E-12
  8 22  32.43 -120.03  0.82E-13
  8 22  32.48 -120.03  0.10E-12
  8 22  32.53 -120.03  0.51E-13
  8 22  32.58 -120.03  0.10E-13
  8 22  32.63 -120.03  0.31E-13
  8 22  32.68 -120.03  0.31E-13
  8 22  32.73 -120.03  0.10E-13
  8 22  32.78 -120.03  0.10E-13
  8 22  32.08 -119.98  0.31E-13
  8 22  32.13 -119.98  0.31E-13
  8 22  32.18 -119.98  0.31E-13
  8 22  32.23 -119.98  0.82E-13
  8 22  32.28 -119.98  0.61E-13
  8 22  32.33 -119.98  0.82E-13
  8 22  32.38 -119.98  0.13E-12
  8 22  32.43 -119.98  0.11E-12
  8 22  32.48 -119.98  0.14E-12
  8 22  32.53 -119.98  0.14E-12
  8 22  32.58 -119.98  0.16E-12
  8 22  32.63 -119.98  0.16E-12
  8 22  32.68 -119.98  0.92E-13
  8 22  32.73 -119.98  0.51E-13
  8 22  32.78 -119.98  0.10E-13
  8 22  32.23 -119.93  0.61E-13
  8 22  32.28 -119.93  0.10E-12
  8 22  32.33 -119.93  0.92E-13
  8 22  32.38 -119.93  0.11E-12
  8 22  32.43 -119.93  0.16E-12
  8 22  32.48 -119.93  0.17E-12
  8 22  32.53 -119.93  0.34E-12
  8 22  32.58 -119.93  0.27E-12
  8 22  32.63 -119.93  0.13E-12
  8 22  32.68 -119.93  0.72E-13
  8 22  32.73 -119.93  0.24E-12
  8 22  32.78 -119.93  0.14E-12
  8 22  32.83 -119.93  0.10E-13
  8 22  32.28 -119.88  0.20E-13
  8 22  32.33 -119.88  0.82E-13
  8 22  32.38 -119.88  0.28E-12
  8 22  32.43 -119.88  0.56E-12
  8 22  32.48 -119.88  0.73E-12
  8 22  32.53 -119.88  0.74E-12
  8 22  32.58 -119.88  0.56E-12
  8 22  32.63 -119.88  0.46E-12
  8 22  32.68 -119.88  0.46E-12
  8 22  32.73 -119.88  0.22E-12
  8 22  32.78 -119.88  0.51E-13
  8 22  32.83 -119.88  0.10E-13
  8 22  32.28 -119.83  0.11E-12
  8 22  32.33 -119.83  0.32E-12
  8 22  32.38 -119.83  0.52E-12
  8 22  32.43 -119.83  0.82E-12
  8 22  32.48 -119.83  0.93E-12
  8 22  32.53 -119.83  0.11E-11
  8 22  32.58 -119.83  0.97E-12
  8 22  32.63 -119.83  0.62E-12
  8 22  32.68 -119.83  0.55E-12
  8 22  32.73 -119.83  0.43E-12
  8 22  32.78 -119.83  0.33E-12
  8 22  32.83 -119.83  0.25E-12
  8 22  32.88 -119.83  0.12E-12
  8 22  32.23 -119.78  0.20E-13
  8 22  32.28 -119.78  0.51E-13
  8 22  32.33 -119.78  0.19E-12
  8 22  32.38 -119.78  0.37E-12
  8 22  32.43 -119.78  0.41E-12
  8 22  32.48 -119.78  0.57E-12
  8 22  32.53 -119.78  0.79E-12
  8 22  32.58 -119.78  0.93E-12
  8 22  32.63 -119.78  0.11E-11
  8 22  32.68 -119.78  0.93E-12
  8 22  32.73 -119.78  0.60E-12
  8 22  32.78 -119.78  0.43E-12
  8 22  32.83 -119.78  0.30E-12
  8 22  32.88 -119.78  0.20E-12
  8 22  32.93 -119.78  0.15E-12
  8 22  32.98 -119.78  0.20E-12
  8 22  33.03 -119.78  0.12E-12
  8 22  33.08 -119.78  0.72E-13
  8 22  32.23 -119.73  0.41E-13
  8 22  32.28 -119.73  0.92E-13
  8 22  32.33 -119.73  0.34E-12
  8 22  32.38 -119.73  0.43E-12
  8 22  32.43 -119.73  0.49E-12
  8 22  32.48 -119.73  0.93E-12
  8 22  32.53 -119.73  0.11E-11
  8 22  32.58 -119.73  0.12E-11
  8 22  32.63 -119.73  0.14E-11
  8 22  32.68 -119.73  0.14E-11
  8 22  32.73 -119.73  0.75E-12
  8 22  32.78 -119.73  0.76E-12
  8 22  32.83 -119.73  0.75E-12
  8 22  32.88 -119.73  0.41E-12
  8 22  32.93 -119.73  0.25E-12
  8 22  32.98 -119.73  0.93E-13
  8 22  33.03 -119.73  0.72E-13
  8 22  33.08 -119.73  0.10E-13
  8 22  32.13 -119.68  0.10E-13
  8 22  32.18 -119.68  0.31E-13
  8 22  32.23 -119.68  0.51E-13
  8 22  32.28 -119.68  0.13E-12
  8 22  32.33 -119.68  0.28E-12
  8 22  32.38 -119.68  0.41E-12
  8 22  32.43 -119.68  0.71E-12
  8 22  32.48 -119.68  0.85E-12
  8 22  32.53 -119.68  0.12E-11
  8 22  32.58 -119.68  0.15E-11
  8 22  32.63 -119.68  0.20E-11
  8 22  32.68 -119.68  0.21E-11
  8 22  32.73 -119.68  0.20E-11
  8 22  32.78 -119.68  0.14E-11
  8 22  32.83 -119.68  0.77E-12
  8 22  32.88 -119.68  0.72E-12
  8 22  32.93 -119.68  0.44E-12
  8 22  32.98 -119.68  0.37E-12
  8 22  33.03 -119.68  0.19E-12
  8 22  33.08 -119.68  0.21E-13
  8 22  32.18 -119.63  0.20E-13
  8 22  32.23 -119.63  0.61E-13
  8 22  32.28 -119.63  0.12E-12
  8 22  32.33 -119.63  0.21E-12
  8 22  32.38 -119.63  0.48E-12
  8 22  32.43 -119.63  0.66E-12
  8 22  32.48 -119.63  0.10E-11
  8 22  32.53 -119.63  0.13E-11
  8 22  32.58 -119.63  0.20E-11
  8 22  32.63 -119.63  0.25E-11
  8 22  32.68 -119.63  0.28E-11
  8 22  32.73 -119.63  0.23E-11
  8 22  32.78 -119.63  0.18E-11
  8 22  32.83 -119.63  0.17E-11
  8 22  32.88 -119.63  0.13E-11
  8 22  32.93 -119.63  0.87E-12
  8 22  32.98 -119.63  0.48E-12
  8 22  33.03 -119.63  0.17E-12
  8 22  32.23 -119.58  0.10E-13
  8 22  32.28 -119.58  0.31E-13
  8 22  32.33 -119.58  0.41E-13
  8 22  32.38 -119.58  0.16E-12
  8 22  32.43 -119.58  0.39E-12
  8 22  32.48 -119.58  0.86E-12
  8 22  32.53 -119.58  0.15E-11
  8 22  32.58 -119.58  0.18E-11
  8 22  32.63 -119.58  0.24E-11
  8 22  32.68 -119.58  0.21E-11
  8 22  32.73 -119.58  0.20E-11
  8 22  32.78 -119.58  0.26E-11
  8 22  32.83 -119.58  0.27E-11
  8 22  32.88 -119.58  0.21E-11
  8 22  32.93 -119.58  0.12E-11
  8 22  32.98 -119.58  0.62E-12
  8 22  33.03 -119.58  0.35E-12
  8 22  33.08 -119.58  0.14E-12
  8 22  33.13 -119.58  0.31E-13
  8 22  32.18 -119.53  0.20E-13
  8 22  32.28 -119.53  0.51E-13
  8 22  32.33 -119.53  0.11E-12
  8 22  32.38 -119.53  0.92E-13
  8 22  32.43 -119.53  0.17E-12
  8 22  32.48 -119.53  0.51E-12
  8 22  32.53 -119.53  0.92E-12
  8 22  32.58 -119.53  0.16E-11
  8 22  32.63 -119.53  0.23E-11
  8 22  32.68 -119.53  0.22E-11
  8 22  32.73 -119.53  0.27E-11
  8 22  32.78 -119.53  0.27E-11
  8 22  32.83 -119.53  0.24E-11
  8 22  32.88 -119.53  0.22E-11
  8 22  32.93 -119.53  0.13E-11
  8 22  32.98 -119.53  0.93E-12
  8 22  33.03 -119.53  0.62E-12
  8 22  33.08 -119.53  0.18E-12
  8 22  33.13 -119.53  0.41E-13
  8 22  32.23 -119.48  0.10E-13
  8 22  32.33 -119.48  0.10E-13
  8 22  32.38 -119.48  0.92E-13
  8 22  32.43 -119.48  0.43E-12
  8 22  32.48 -119.48  0.83E-12
  8 22  32.53 -119.48  0.13E-11
  8 22  32.58 -119.48  0.19E-11
  8 22  32.63 -119.48  0.18E-11
  8 22  32.68 -119.48  0.21E-11
  8 22  32.73 -119.48  0.26E-11
  8 22  32.78 -119.48  0.30E-11
  8 22  32.83 -119.48  0.31E-11
  8 22  32.88 -119.48  0.28E-11
  8 22  32.93 -119.48  0.16E-11
  8 22  32.98 -119.48  0.86E-12
  8 22  33.03 -119.48  0.44E-12
  8 22  33.08 -119.48  0.25E-12
  8 22  33.13 -119.48  0.21E-12
  8 22  33.18 -119.48  0.93E-13
  8 22  32.28 -119.43  0.20E-13
  8 22  32.33 -119.43  0.31E-13
  8 22  32.38 -119.43  0.12E-12
  8 22  32.43 -119.43  0.31E-12
  8 22  32.48 -119.43  0.30E-12
  8 22  32.53 -119.43  0.63E-12
  8 22  32.58 -119.43  0.72E-12
  8 22  32.63 -119.43  0.11E-11
  8 22  32.68 -119.43  0.18E-11
  8 22  32.73 -119.43  0.25E-11
  8 22  32.78 -119.43  0.26E-11
  8 22  32.83 -119.43  0.33E-11
  8 22  32.88 -119.43  0.33E-11
  8 22  32.93 -119.43  0.25E-11
  8 22  32.98 -119.43  0.17E-11
  8 22  33.03 -119.43  0.73E-12
  8 22  33.08 -119.43  0.27E-12
  8 22  33.13 -119.43  0.41E-13
  8 22  32.38 -119.38  0.10E-13
  8 22  32.43 -119.38  0.41E-13
  8 22  32.48 -119.38  0.92E-13
  8 22  32.53 -119.38  0.17E-12
  8 22  32.58 -119.38  0.44E-12
  8 22  32.63 -119.38  0.86E-12
  8 22  32.68 -119.38  0.15E-11
  8 22  32.73 -119.38  0.18E-11
  8 22  32.78 -119.38  0.27E-11
  8 22  32.83 -119.38  0.29E-11
  8 22  32.88 -119.38  0.32E-11
  8 22  32.93 -119.38  0.23E-11
  8 22  32.98 -119.38  0.10E-11
  8 22  33.03 -119.38  0.33E-12
  8 22  33.08 -119.38  0.10E-12
  8 22  32.48 -119.33  0.72E-13
  8 22  32.53 -119.33  0.17E-12
  8 22  32.58 -119.33  0.51E-12
  8 22  32.63 -119.33  0.80E-12
  8 22  32.68 -119.33  0.10E-11
  8 22  32.73 -119.33  0.11E-11
  8 22  32.78 -119.33  0.15E-11
  8 22  32.83 -119.33  0.23E-11
  8 22  32.88 -119.33  0.20E-11
  8 22  32.93 -119.33  0.13E-11
  8 22  32.98 -119.33  0.79E-12
  8 22  33.03 -119.33  0.32E-12
  8 22  33.08 -119.33  0.28E-12
  8 22  33.13 -119.33  0.13E-12
  8 22  32.48 -119.28  0.41E-13
  8 22  32.53 -119.28  0.72E-13
  8 22  32.58 -119.28  0.18E-12
  8 22  32.63 -119.28  0.29E-12
  8 22  32.68 -119.28  0.52E-12
  8 22  32.73 -119.28  0.87E-12
  8 22  32.78 -119.28  0.13E-11
  8 22  32.83 -119.28  0.12E-11
  8 22  32.88 -119.28  0.99E-12
  8 22  32.93 -119.28  0.14E-11
  8 22  32.98 -119.28  0.70E-12
  8 22  33.03 -119.28  0.56E-12
  8 22  33.08 -119.28  0.28E-12
  8 22  33.13 -119.28  0.62E-13
  8 22  33.18 -119.28  0.21E-13
  8 22  32.38 -119.23  0.10E-13
  8 22  32.43 -119.23  0.31E-13
  8 22  32.48 -119.23  0.20E-13
  8 22  32.53 -119.23  0.20E-13
  8 22  32.58 -119.23  0.61E-13
  8 22  32.63 -119.23  0.11E-12
  8 22  32.68 -119.23  0.16E-12
  8 22  32.73 -119.23  0.35E-12
  8 22  32.78 -119.23  0.60E-12
  8 22  32.83 -119.23  0.80E-12
  8 22  32.88 -119.23  0.11E-11
  8 22  32.93 -119.23  0.10E-11
  8 22  32.98 -119.23  0.77E-12
  8 22  33.03 -119.23  0.54E-12
  8 22  33.08 -119.23  0.93E-13
  8 22  33.13 -119.23  0.41E-13
  8 22  32.63 -119.18  0.10E-13
  8 22  32.68 -119.18  0.10E-12
  8 22  32.73 -119.18  0.37E-12
  8 22  32.78 -119.18  0.46E-12
  8 22  32.83 -119.18  0.66E-12
  8 22  32.88 -119.18  0.48E-12
  8 22  32.93 -119.18  0.52E-12
  8 22  32.98 -119.18  0.56E-12
  8 22  33.03 -119.18  0.17E-12
  8 22  33.08 -119.18  0.72E-13
  8 22  32.63 -119.13  0.20E-13
  8 22  32.68 -119.13  0.92E-13
  8 22  32.73 -119.13  0.18E-12
  8 22  32.78 -119.13  0.29E-12
  8 22  32.83 -119.13  0.12E-12
  8 22  32.88 -119.13  0.24E-12
  8 22  32.93 -119.13  0.23E-12
  8 22  32.98 -119.13  0.24E-12
  8 22  33.03 -119.13  0.31E-13
  8 22  32.78 -119.08  0.31E-13
  8 22  32.83 -119.08  0.21E-13
  8 22  32.93 -119.08  0.72E-13
  8 22  32.98 -119.08  0.31E-13
  8 22  33.03 -119.08  0.21E-13
  8 22  33.08 -119.08  0.41E-13
  8 22  32.83 -119.03  0.31E-13
  8 22  32.88 -119.03  0.62E-13
  8 22  32.98 -119.03  0.51E-13
  8 22  33.03 -119.03  0.51E-13
  8 22  32.83 -118.98  0.21E-13
  8 22  32.98 -118.98  0.82E-13
  8 22  32.93 -118.93  0.21E-13
  8 22  32.98 -118.93  0.41E-13
