DAY HR    LAT     LON TEST00100
  9 11  30.03 -123.93  0.12E-13
  9 11  29.48 -123.33  0.12E-13
  9 11  29.53 -123.33  0.12E-13
  9 11  29.33 -123.23  0.12E-13
  9 11  29.88 -123.13  0.37E-13
  9 11  29.93 -123.13  0.12E-13
  9 11  29.63 -123.08  0.50E-13
  9 11  29.83 -123.08  0.37E-13
  9 11  29.93 -123.08  0.50E-13
  9 11  29.98 -123.08  0.37E-13
  9 11  29.68 -123.03  0.37E-13
  9 11  29.83 -123.03  0.50E-13
  9 11  29.88 -123.03  0.25E-13
  9 11  29.63 -122.98  0.50E-13
  9 11  29.43 -122.93  0.25E-13
  9 11  29.63 -122.93  0.25E-13
  9 11  29.68 -122.93  0.12E-13
  9 11  29.83 -122.88  0.37E-13
  9 11  29.88 -122.88  0.25E-13
  9 11  29.18 -122.78  0.49E-13
  9 11  29.23 -122.78  0.49E-13
  9 11  29.03 -122.73  0.12E-13
  9 11  29.08 -122.73  0.37E-13
  9 11  29.28 -122.73  0.12E-13
  9 11  29.08 -122.68  0.25E-13
  9 11  29.08 -122.63  0.12E-13
  9 11  29.33 -122.58  0.25E-13
  9 11  29.03 -122.48  0.37E-13
  9 11  29.08 -122.48  0.25E-13
  9 11  29.43 -122.48  0.25E-13
  9 11  29.08 -122.43  0.25E-13
  9 11  29.28 -122.43  0.37E-13
  9 11  29.33 -122.43  0.25E-13
  9 11  28.78 -122.38  0.37E-13
  9 11  28.83 -122.38  0.12E-13
  9 11  29.38 -122.38  0.12E-13
  9 11  29.48 -122.38  0.12E-13
  9 11  29.53 -122.38  0.50E-13
  9 11  29.58 -122.33  0.12E-13
  9 11  29.08 -122.23  0.25E-13
  9 11  29.13 -122.23  0.12E-13
  9 11  29.03 -122.18  0.37E-13
  9 11  29.08 -122.18  0.12E-13
  9 11  29.13 -122.18  0.25E-13
  9 11  29.18 -122.18  0.49E-13
  9 11  29.68 -122.18  0.50E-13
  9 11  29.73 -122.18  0.12E-13
  9 11  28.98 -122.13  0.25E-13
  9 11  29.18 -122.08  0.25E-13
  9 11  28.83 -121.93  0.25E-13
  9 11  28.88 -121.93  0.25E-13
  9 11  29.23 -121.93  0.12E-13
  9 11  29.28 -121.93  0.25E-13
  9 11  28.68 -121.78  0.12E-13
  9 11  28.78 -121.78  0.12E-13
  9 11  28.93 -121.78  0.12E-13
  9 11  29.18 -121.78  0.25E-13
  9 11  28.98 -121.73  0.25E-13
  9 11  29.18 -121.73  0.12E-13
  9 11  29.23 -121.73  0.25E-13
  9 11  29.28 -121.73  0.12E-13
  9 11  29.33 -121.73  0.12E-13
  9 11  29.43 -121.73  0.50E-13
  9 11  29.48 -121.73  0.12E-13
  9 11  29.18 -121.63  0.25E-13
  9 11  29.23 -121.63  0.12E-13
  9 11  28.28 -121.58  0.37E-13
  9 11  28.33 -121.58  0.37E-13
  9 11  28.38 -121.58  0.49E-13
  9 11  28.83 -121.58  0.12E-13
  9 11  28.43 -121.53  0.25E-13
  9 11  28.68 -121.53  0.12E-13
  9 11  28.73 -121.53  0.25E-13
  9 11  28.68 -121.48  0.12E-13
  9 11  28.73 -121.48  0.37E-13
  9 11  28.83 -121.48  0.37E-13
  9 11  28.93 -121.48  0.25E-13
  9 11  29.28 -121.48  0.12E-13
  9 11  29.33 -121.48  0.12E-13
  9 11  28.83 -121.43  0.12E-13
  9 11  28.88 -121.43  0.25E-13
  9 11  28.93 -121.43  0.25E-13
  9 11  28.98 -121.43  0.25E-13
  9 11  29.03 -121.43  0.37E-13
  9 11  29.08 -121.43  0.12E-13
  9 11  29.13 -121.43  0.25E-13
  9 11  29.18 -121.43  0.25E-13
  9 11  28.68 -121.38  0.12E-13
  9 11  28.73 -121.38  0.37E-13
  9 11  28.98 -121.38  0.49E-13
  9 11  29.03 -121.38  0.62E-13
  9 11  29.08 -121.38  0.12E-12
  9 11  29.13 -121.38  0.49E-13
  9 11  29.18 -121.38  0.12E-13
  9 11  29.23 -121.38  0.25E-13
  9 11  29.28 -121.38  0.25E-13
  9 11  29.38 -121.38  0.25E-13
  9 11  29.43 -121.38  0.25E-13
  9 11  29.48 -121.38  0.50E-13
  9 11  28.73 -121.33  0.37E-13
  9 11  28.78 -121.33  0.37E-13
  9 11  28.83 -121.33  0.25E-13
  9 11  29.03 -121.33  0.49E-13
  9 11  29.08 -121.33  0.49E-13
  9 11  29.13 -121.33  0.49E-13
  9 11  29.18 -121.33  0.49E-13
  9 11  28.63 -121.28  0.12E-13
  9 11  28.68 -121.28  0.37E-13
  9 11  28.73 -121.28  0.37E-13
  9 11  28.78 -121.28  0.37E-13
  9 11  28.83 -121.28  0.25E-13
  9 11  28.88 -121.28  0.12E-13
  9 11  29.23 -121.28  0.25E-13
  9 11  29.28 -121.28  0.12E-13
  9 11  28.83 -121.23  0.25E-13
  9 11  28.88 -121.23  0.12E-13
  9 11  29.28 -121.23  0.12E-13
  9 11  28.78 -121.18  0.37E-13
  9 11  28.83 -121.18  0.37E-13
  9 11  28.88 -121.18  0.37E-13
  9 11  28.93 -121.18  0.12E-13
  9 11  29.13 -121.18  0.62E-13
  9 11  29.18 -121.18  0.62E-13
  9 11  29.23 -121.18  0.12E-13
  9 11  29.28 -121.18  0.62E-13
  9 11  29.33 -121.18  0.25E-13
  9 11  29.38 -121.18  0.12E-13
  9 11  28.78 -121.13  0.12E-13
  9 11  28.83 -121.13  0.12E-13
  9 11  28.88 -121.13  0.12E-13
  9 11  28.93 -121.13  0.25E-13
  9 11  29.23 -121.13  0.12E-13
  9 11  29.28 -121.13  0.25E-13
  9 11  29.33 -121.13  0.25E-13
  9 11  29.38 -121.13  0.12E-13
  9 11  29.08 -121.08  0.12E-13
  9 11  29.13 -121.03  0.49E-13
  9 11  29.18 -121.03  0.12E-13
  9 11  28.63 -120.98  0.25E-13
  9 11  28.68 -120.98  0.12E-13
  9 11  28.48 -120.93  0.12E-13
  9 11  28.58 -120.93  0.12E-13
  9 11  28.63 -120.93  0.25E-13
  9 11  28.78 -120.93  0.25E-13
  9 11  28.88 -120.93  0.12E-13
  9 11  28.93 -120.93  0.37E-13
  9 11  28.98 -120.93  0.12E-13
  9 11  29.13 -120.93  0.25E-13
  9 11  29.33 -120.93  0.12E-13
  9 11  29.38 -120.93  0.25E-13
  9 11  29.43 -120.93  0.12E-13
  9 11  28.68 -120.88  0.12E-13
  9 11  28.83 -120.88  0.37E-13
  9 11  28.88 -120.88  0.62E-13
  9 11  28.93 -120.88  0.12E-13
  9 11  28.63 -120.83  0.25E-13
  9 11  28.68 -120.83  0.37E-13
  9 11  28.73 -120.83  0.12E-13
  9 11  28.93 -120.83  0.12E-13
  9 11  29.03 -120.83  0.12E-13
  9 11  29.08 -120.83  0.12E-13
  9 11  29.13 -120.83  0.12E-13
  9 11  29.33 -120.83  0.12E-13
  9 11  29.38 -120.83  0.25E-13
  9 11  28.68 -120.78  0.12E-13
  9 11  28.73 -120.78  0.37E-13
  9 11  28.78 -120.78  0.25E-13
  9 11  28.83 -120.78  0.12E-13
  9 11  28.88 -120.78  0.49E-13
  9 11  28.93 -120.78  0.49E-13
  9 11  28.98 -120.78  0.49E-13
  9 11  29.03 -120.78  0.25E-13
  9 11  29.53 -120.73  0.37E-13
  9 11  29.68 -120.73  0.37E-13
  9 11  28.58 -120.68  0.37E-13
  9 11  28.63 -120.68  0.12E-13
  9 11  28.68 -120.68  0.25E-13
  9 11  28.73 -120.68  0.37E-13
  9 11  28.93 -120.68  0.12E-13
  9 11  28.98 -120.68  0.12E-13
  9 11  29.08 -120.68  0.12E-13
  9 11  29.18 -120.68  0.25E-13
  9 11  29.23 -120.68  0.37E-13
  9 11  29.28 -120.68  0.12E-13
  9 11  28.78 -120.63  0.25E-13
  9 11  28.83 -120.63  0.25E-13
  9 11  28.88 -120.63  0.37E-13
  9 11  28.93 -120.63  0.12E-13
  9 11  28.98 -120.63  0.37E-13
  9 11  29.08 -120.63  0.12E-13
  9 11  29.13 -120.63  0.37E-13
  9 11  29.18 -120.63  0.25E-13
  9 11  29.28 -120.63  0.25E-13
  9 11  29.33 -120.63  0.25E-13
  9 11  28.63 -120.58  0.12E-13
  9 11  28.68 -120.58  0.25E-13
  9 11  28.78 -120.58  0.25E-13
  9 11  28.83 -120.58  0.37E-13
  9 11  28.88 -120.58  0.12E-13
  9 11  28.93 -120.58  0.37E-13
  9 11  29.03 -120.58  0.12E-13
  9 11  29.08 -120.58  0.25E-13
  9 11  29.13 -120.58  0.12E-13
  9 11  29.18 -120.58  0.37E-13
  9 11  29.23 -120.58  0.12E-13
  9 11  29.38 -120.58  0.12E-13
  9 11  29.43 -120.58  0.12E-13
  9 11  28.68 -120.53  0.12E-13
  9 11  28.73 -120.53  0.25E-13
  9 11  28.78 -120.53  0.37E-13
  9 11  28.83 -120.53  0.25E-13
  9 11  28.88 -120.53  0.12E-13
  9 11  28.93 -120.53  0.37E-13
  9 11  28.98 -120.53  0.25E-13
  9 11  29.03 -120.53  0.12E-13
  9 11  29.13 -120.53  0.25E-13
  9 11  29.18 -120.53  0.25E-13
  9 11  29.28 -120.53  0.25E-13
  9 11  29.33 -120.53  0.25E-13
  9 11  28.78 -120.48  0.25E-13
  9 11  28.83 -120.48  0.37E-13
  9 11  29.03 -120.48  0.49E-13
  9 11  29.13 -120.48  0.37E-13
  9 11  29.18 -120.48  0.12E-13
  9 11  29.23 -120.48  0.12E-13
  9 11  29.33 -120.48  0.12E-13
  9 11  28.63 -120.43  0.12E-13
  9 11  28.68 -120.43  0.12E-13
  9 11  28.78 -120.43  0.12E-13
  9 11  28.88 -120.43  0.12E-13
  9 11  28.93 -120.43  0.25E-13
  9 11  28.98 -120.43  0.37E-13
  9 11  29.03 -120.43  0.49E-13
  9 11  29.08 -120.43  0.49E-13
  9 11  29.13 -120.43  0.12E-13
  9 11  29.23 -120.43  0.25E-13
  9 11  29.38 -120.43  0.12E-13
  9 11  29.43 -120.43  0.12E-13
  9 11  28.68 -120.38  0.25E-13
  9 11  28.73 -120.38  0.12E-13
  9 11  28.83 -120.38  0.25E-13
  9 11  28.88 -120.38  0.25E-13
  9 11  28.93 -120.38  0.37E-13
  9 11  29.03 -120.38  0.12E-13
  9 11  29.08 -120.38  0.25E-13
  9 11  29.13 -120.38  0.25E-13
  9 11  28.38 -120.33  0.12E-13
  9 11  28.43 -120.33  0.25E-13
  9 11  28.48 -120.33  0.37E-13
  9 11  28.53 -120.33  0.12E-13
  9 11  28.58 -120.33  0.37E-13
  9 11  28.63 -120.33  0.25E-13
  9 11  28.68 -120.33  0.25E-13
  9 11  28.73 -120.33  0.25E-13
  9 11  28.78 -120.33  0.37E-13
  9 11  28.83 -120.33  0.25E-13
  9 11  28.88 -120.33  0.37E-13
  9 11  28.93 -120.33  0.62E-13
  9 11  28.98 -120.33  0.86E-13
  9 11  29.03 -120.33  0.37E-13
  9 11  29.08 -120.33  0.12E-13
  9 11  29.28 -120.33  0.25E-13
  9 11  29.38 -120.33  0.25E-13
  9 11  29.43 -120.33  0.25E-13
  9 11  29.58 -120.33  0.25E-13
  9 11  29.63 -120.33  0.25E-13
  9 11  29.68 -120.33  0.37E-13
  9 11  29.73 -120.33  0.37E-13
  9 11  28.48 -120.28  0.37E-13
  9 11  28.53 -120.28  0.12E-13
  9 11  28.58 -120.28  0.12E-13
  9 11  28.63 -120.28  0.12E-13
  9 11  28.73 -120.28  0.12E-13
  9 11  28.78 -120.28  0.49E-13
  9 11  28.83 -120.28  0.11E-12
  9 11  28.88 -120.28  0.12E-12
  9 11  28.93 -120.28  0.86E-13
  9 11  28.98 -120.28  0.86E-13
  9 11  29.08 -120.28  0.12E-13
  9 11  29.13 -120.28  0.37E-13
  9 11  29.18 -120.28  0.25E-13
  9 11  29.23 -120.28  0.25E-13
  9 11  29.28 -120.28  0.49E-13
  9 11  29.38 -120.28  0.12E-13
  9 11  29.43 -120.28  0.12E-13
  9 11  29.58 -120.28  0.12E-13
  9 11  28.58 -120.23  0.12E-13
  9 11  28.63 -120.23  0.37E-13
  9 11  28.78 -120.23  0.25E-13
  9 11  28.83 -120.23  0.49E-13
  9 11  28.88 -120.23  0.49E-13
  9 11  28.93 -120.23  0.12E-13
  9 11  28.98 -120.23  0.14E-12
  9 11  29.03 -120.23  0.12E-12
  9 11  29.08 -120.23  0.11E-12
  9 11  29.13 -120.23  0.86E-13
  9 11  29.18 -120.23  0.25E-13
  9 11  29.23 -120.23  0.25E-13
  9 11  29.38 -120.23  0.12E-13
  9 11  29.43 -120.23  0.12E-13
  9 11  28.48 -120.18  0.12E-13
  9 11  28.53 -120.18  0.12E-13
  9 11  28.58 -120.18  0.25E-13
  9 11  28.68 -120.18  0.25E-13
  9 11  28.73 -120.18  0.49E-13
  9 11  28.78 -120.18  0.12E-12
  9 11  28.83 -120.18  0.11E-12
  9 11  28.88 -120.18  0.74E-13
  9 11  28.93 -120.18  0.37E-13
  9 11  28.98 -120.18  0.62E-13
  9 11  29.03 -120.18  0.12E-13
  9 11  29.08 -120.18  0.37E-13
  9 11  28.38 -120.13  0.25E-13
  9 11  28.43 -120.13  0.25E-13
  9 11  28.48 -120.13  0.12E-13
  9 11  28.53 -120.13  0.12E-13
  9 11  28.68 -120.13  0.37E-13
  9 11  28.73 -120.13  0.12E-13
  9 11  28.78 -120.13  0.37E-13
  9 11  28.83 -120.13  0.86E-13
  9 11  28.88 -120.13  0.25E-13
  9 11  28.93 -120.13  0.12E-13
  9 11  28.98 -120.13  0.86E-13
  9 11  29.03 -120.13  0.14E-12
  9 11  29.08 -120.13  0.25E-13
  9 11  29.13 -120.13  0.37E-13
  9 11  29.18 -120.13  0.12E-13
  9 11  29.23 -120.13  0.12E-13
  9 11  29.28 -120.13  0.37E-13
  9 11  29.33 -120.13  0.25E-13
  9 11  28.78 -120.08  0.12E-13
  9 11  28.83 -120.08  0.25E-13
  9 11  28.88 -120.08  0.12E-13
  9 11  28.93 -120.08  0.49E-13
  9 11  29.03 -120.08  0.12E-13
  9 11  29.08 -120.08  0.25E-13
  9 11  29.13 -120.08  0.74E-13
  9 11  29.18 -120.08  0.62E-13
  9 11  29.23 -120.08  0.12E-13
  9 11  29.28 -120.08  0.37E-13
  9 11  29.33 -120.08  0.12E-13
  9 11  29.68 -120.08  0.25E-13
  9 11  29.73 -120.08  0.37E-13
  9 11  29.78 -120.08  0.12E-13
  9 11  28.28 -120.03  0.12E-13
  9 11  28.33 -120.03  0.12E-13
  9 11  28.63 -120.03  0.25E-13
  9 11  28.68 -120.03  0.12E-13
  9 11  28.73 -120.03  0.12E-13
  9 11  28.78 -120.03  0.12E-13
  9 11  28.83 -120.03  0.12E-13
  9 11  28.88 -120.03  0.74E-13
  9 11  28.93 -120.03  0.62E-13
  9 11  28.98 -120.03  0.86E-13
  9 11  29.03 -120.03  0.62E-13
  9 11  29.08 -120.03  0.62E-13
  9 11  29.13 -120.03  0.37E-13
  9 11  29.18 -120.03  0.12E-13
  9 11  29.23 -120.03  0.37E-13
  9 11  29.28 -120.03  0.12E-13
  9 11  29.43 -120.03  0.12E-13
  9 11  29.48 -120.03  0.25E-13
  9 11  29.53 -120.03  0.25E-13
  9 11  29.58 -120.03  0.25E-13
  9 11  29.63 -120.03  0.50E-13
  9 11  29.68 -120.03  0.12E-13
  9 11  28.53 -119.98  0.12E-13
  9 11  28.58 -119.98  0.12E-13
  9 11  28.63 -119.98  0.25E-13
  9 11  28.68 -119.98  0.37E-13
  9 11  28.73 -119.98  0.25E-13
  9 11  28.78 -119.98  0.37E-13
  9 11  28.83 -119.98  0.12E-13
  9 11  28.88 -119.98  0.62E-13
  9 11  28.93 -119.98  0.25E-13
  9 11  28.98 -119.98  0.37E-13
  9 11  29.03 -119.98  0.49E-13
  9 11  29.08 -119.98  0.74E-13
  9 11  29.13 -119.98  0.74E-13
  9 11  29.18 -119.98  0.49E-13
  9 11  29.38 -119.98  0.12E-13
  9 11  29.43 -119.98  0.12E-13
  9 11  29.48 -119.98  0.12E-13
  9 11  29.53 -119.98  0.25E-13
  9 11  28.68 -119.93  0.12E-13
  9 11  28.73 -119.93  0.12E-13
  9 11  28.78 -119.93  0.25E-13
  9 11  28.83 -119.93  0.25E-13
  9 11  28.88 -119.93  0.62E-13
  9 11  28.93 -119.93  0.14E-12
  9 11  28.98 -119.93  0.74E-13
  9 11  29.03 -119.93  0.74E-13
  9 11  29.08 -119.93  0.12E-13
  9 11  29.13 -119.93  0.25E-13
  9 11  29.18 -119.93  0.62E-13
  9 11  29.23 -119.93  0.12E-13
  9 11  29.28 -119.93  0.25E-13
  9 11  29.38 -119.93  0.12E-13
  9 11  28.63 -119.88  0.25E-13
  9 11  28.68 -119.88  0.12E-13
  9 11  28.78 -119.88  0.12E-13
  9 11  28.83 -119.88  0.12E-13
  9 11  28.88 -119.88  0.12E-13
  9 11  28.93 -119.88  0.12E-13
  9 11  28.98 -119.88  0.86E-13
  9 11  29.03 -119.88  0.74E-13
  9 11  29.08 -119.88  0.37E-13
  9 11  29.13 -119.88  0.62E-13
  9 11  29.18 -119.88  0.49E-13
  9 11  29.23 -119.88  0.86E-13
  9 11  29.28 -119.88  0.25E-13
  9 11  29.33 -119.88  0.25E-13
  9 11  28.73 -119.83  0.12E-13
  9 11  28.78 -119.83  0.25E-13
  9 11  28.83 -119.83  0.25E-13
  9 11  28.88 -119.83  0.99E-13
  9 11  28.93 -119.83  0.86E-13
  9 11  28.98 -119.83  0.74E-13
  9 11  29.03 -119.83  0.25E-13
  9 11  29.08 -119.83  0.25E-13
  9 11  29.13 -119.83  0.62E-13
  9 11  29.28 -119.83  0.12E-13
  9 11  29.33 -119.83  0.37E-13
  9 11  29.38 -119.83  0.87E-13
  9 11  29.43 -119.83  0.25E-13
  9 11  29.48 -119.83  0.25E-13
  9 11  29.53 -119.83  0.12E-13
  9 11  29.88 -119.83  0.12E-13
  9 11  28.63 -119.78  0.25E-13
  9 11  28.73 -119.78  0.37E-13
  9 11  28.78 -119.78  0.49E-13
  9 11  28.83 -119.78  0.74E-13
  9 11  28.88 -119.78  0.37E-13
  9 11  28.93 -119.78  0.37E-13
  9 11  28.98 -119.78  0.12E-13
  9 11  29.03 -119.78  0.25E-13
  9 11  29.08 -119.78  0.86E-13
  9 11  29.13 -119.78  0.12E-12
  9 11  29.18 -119.78  0.12E-12
  9 11  29.23 -119.78  0.12E-12
  9 11  29.28 -119.78  0.99E-13
  9 11  29.33 -119.78  0.15E-12
  9 11  29.38 -119.78  0.11E-12
  9 11  29.43 -119.78  0.50E-13
  9 11  29.48 -119.78  0.50E-13
  9 11  29.53 -119.78  0.25E-13
  9 11  29.58 -119.78  0.12E-13
  9 11  29.78 -119.78  0.12E-13
  9 11  29.83 -119.78  0.12E-13
  9 11  28.58 -119.73  0.25E-13
  9 11  28.63 -119.73  0.12E-13
  9 11  28.78 -119.73  0.12E-13
  9 11  28.83 -119.73  0.12E-13
  9 11  28.88 -119.73  0.49E-13
  9 11  28.93 -119.73  0.25E-13
  9 11  29.03 -119.73  0.12E-13
  9 11  29.13 -119.73  0.62E-13
  9 11  29.18 -119.73  0.16E-12
  9 11  29.23 -119.73  0.99E-13
  9 11  29.28 -119.73  0.74E-13
  9 11  29.33 -119.73  0.99E-13
  9 11  29.38 -119.73  0.99E-13
  9 11  29.43 -119.73  0.99E-13
  9 11  29.48 -119.73  0.12E-13
  9 11  29.63 -119.73  0.37E-13
  9 11  29.68 -119.73  0.25E-13
  9 11  29.73 -119.73  0.37E-13
  9 11  29.78 -119.73  0.25E-13
  9 11  28.68 -119.68  0.12E-13
  9 11  28.78 -119.68  0.25E-13
  9 11  28.83 -119.68  0.49E-13
  9 11  28.88 -119.68  0.37E-13
  9 11  28.93 -119.68  0.49E-13
  9 11  28.98 -119.68  0.49E-13
  9 11  29.03 -119.68  0.12E-12
  9 11  29.08 -119.68  0.99E-13
  9 11  29.13 -119.68  0.86E-13
  9 11  29.18 -119.68  0.74E-13
  9 11  29.23 -119.68  0.74E-13
  9 11  29.28 -119.68  0.49E-13
  9 11  29.33 -119.68  0.74E-13
  9 11  29.48 -119.68  0.12E-13
  9 11  29.58 -119.68  0.25E-13
  9 11  28.83 -119.63  0.12E-13
  9 11  28.88 -119.63  0.12E-13
  9 11  28.93 -119.63  0.62E-13
  9 11  28.98 -119.63  0.74E-13
  9 11  29.03 -119.63  0.12E-12
  9 11  29.08 -119.63  0.99E-13
  9 11  29.13 -119.63  0.74E-13
  9 11  29.18 -119.63  0.49E-13
  9 11  29.23 -119.63  0.62E-13
  9 11  29.28 -119.63  0.74E-13
  9 11  29.33 -119.63  0.49E-13
  9 11  29.38 -119.63  0.49E-13
  9 11  29.43 -119.63  0.62E-13
  9 11  29.48 -119.63  0.62E-13
  9 11  29.53 -119.63  0.12E-13
  9 11  29.58 -119.63  0.12E-13
  9 11  29.73 -119.63  0.12E-13
  9 11  28.73 -119.58  0.49E-13
  9 11  28.78 -119.58  0.37E-13
  9 11  28.83 -119.58  0.86E-13
  9 11  28.88 -119.58  0.62E-13
  9 11  28.93 -119.58  0.74E-13
  9 11  28.98 -119.58  0.37E-13
  9 11  29.03 -119.58  0.25E-13
  9 11  29.08 -119.58  0.49E-13
  9 11  29.13 -119.58  0.11E-12
  9 11  29.18 -119.58  0.62E-13
  9 11  29.23 -119.58  0.49E-13
  9 11  29.28 -119.58  0.25E-13
  9 11  29.33 -119.58  0.14E-12
  9 11  29.38 -119.58  0.12E-12
  9 11  29.43 -119.58  0.74E-13
  9 11  29.48 -119.58  0.37E-13
  9 11  29.53 -119.58  0.50E-13
  9 11  29.68 -119.58  0.12E-13
  9 11  28.73 -119.53  0.25E-13
  9 11  28.78 -119.53  0.49E-13
  9 11  28.83 -119.53  0.37E-13
  9 11  28.88 -119.53  0.37E-13
  9 11  28.93 -119.53  0.25E-13
  9 11  28.98 -119.53  0.86E-13
  9 11  29.03 -119.53  0.62E-13
  9 11  29.08 -119.53  0.62E-13
  9 11  29.13 -119.53  0.12E-12
  9 11  29.18 -119.53  0.99E-13
  9 11  29.23 -119.53  0.14E-12
  9 11  29.28 -119.53  0.99E-13
  9 11  29.33 -119.53  0.62E-13
  9 11  29.38 -119.53  0.11E-12
  9 11  29.43 -119.53  0.62E-13
  9 11  29.48 -119.53  0.62E-13
  9 11  29.53 -119.53  0.12E-13
  9 11  28.73 -119.48  0.37E-13
  9 11  28.78 -119.48  0.37E-13
  9 11  28.93 -119.48  0.25E-13
  9 11  28.98 -119.48  0.11E-12
  9 11  29.03 -119.48  0.11E-12
  9 11  29.08 -119.48  0.74E-13
  9 11  29.13 -119.48  0.37E-13
  9 11  29.18 -119.48  0.86E-13
  9 11  29.23 -119.48  0.99E-13
  9 11  29.28 -119.48  0.12E-12
  9 11  29.33 -119.48  0.11E-12
  9 11  29.38 -119.48  0.11E-12
  9 11  29.43 -119.48  0.62E-13
  9 11  29.48 -119.48  0.25E-13
  9 11  29.63 -119.48  0.12E-13
  9 11  29.68 -119.48  0.12E-13
  9 11  29.78 -119.48  0.50E-13
  9 11  29.88 -119.48  0.25E-13
  9 11  29.93 -119.48  0.12E-13
  9 11  28.68 -119.43  0.37E-13
  9 11  28.88 -119.43  0.25E-13
  9 11  28.93 -119.43  0.37E-13
  9 11  28.98 -119.43  0.86E-13
  9 11  29.03 -119.43  0.99E-13
  9 11  29.08 -119.43  0.74E-13
  9 11  29.13 -119.43  0.12E-12
  9 11  29.18 -119.43  0.86E-13
  9 11  29.23 -119.43  0.86E-13
  9 11  29.28 -119.43  0.12E-13
  9 11  29.33 -119.43  0.49E-13
  9 11  29.38 -119.43  0.87E-13
  9 11  29.43 -119.43  0.37E-13
  9 11  29.48 -119.43  0.74E-13
  9 11  29.53 -119.43  0.12E-13
  9 11  29.58 -119.43  0.87E-13
  9 11  29.63 -119.43  0.62E-13
  9 11  29.88 -119.43  0.12E-13
  9 11  28.83 -119.38  0.37E-13
  9 11  28.88 -119.38  0.49E-13
  9 11  28.93 -119.38  0.74E-13
  9 11  28.98 -119.38  0.49E-13
  9 11  29.03 -119.38  0.49E-13
  9 11  29.08 -119.38  0.49E-13
  9 11  29.13 -119.38  0.62E-13
  9 11  29.18 -119.38  0.74E-13
  9 11  29.23 -119.38  0.25E-13
  9 11  29.28 -119.38  0.37E-13
  9 11  29.33 -119.38  0.62E-13
  9 11  29.38 -119.38  0.50E-13
  9 11  29.43 -119.38  0.14E-12
  9 11  29.48 -119.38  0.11E-12
  9 11  29.53 -119.38  0.25E-13
  9 11  29.63 -119.38  0.12E-13
  9 11  29.68 -119.38  0.62E-13
  9 11  29.73 -119.38  0.37E-13
  9 11  29.83 -119.38  0.25E-13
  9 11  28.78 -119.33  0.12E-13
  9 11  28.83 -119.33  0.25E-13
  9 11  28.88 -119.33  0.49E-13
  9 11  28.93 -119.33  0.25E-13
  9 11  28.98 -119.33  0.12E-13
  9 11  29.03 -119.33  0.37E-13
  9 11  29.08 -119.33  0.86E-13
  9 11  29.13 -119.33  0.49E-13
  9 11  29.18 -119.33  0.25E-13
  9 11  29.23 -119.33  0.49E-13
  9 11  29.28 -119.33  0.62E-13
  9 11  29.33 -119.33  0.19E-12
  9 11  29.38 -119.33  0.15E-12
  9 11  29.43 -119.33  0.37E-13
  9 11  29.48 -119.33  0.87E-13
  9 11  29.53 -119.33  0.25E-13
  9 11  29.63 -119.33  0.25E-13
  9 11  29.68 -119.33  0.37E-13
  9 11  29.98 -119.33  0.12E-13
  9 11  28.78 -119.28  0.37E-13
  9 11  28.83 -119.28  0.25E-13
  9 11  28.93 -119.28  0.49E-13
  9 11  28.98 -119.28  0.37E-13
  9 11  29.03 -119.28  0.12E-13
  9 11  29.08 -119.28  0.74E-13
  9 11  29.13 -119.28  0.49E-13
  9 11  29.18 -119.28  0.37E-13
  9 11  29.23 -119.28  0.37E-13
  9 11  29.28 -119.28  0.11E-12
  9 11  29.33 -119.28  0.16E-12
  9 11  29.38 -119.28  0.99E-13
  9 11  29.43 -119.28  0.74E-13
  9 11  29.48 -119.28  0.50E-13
  9 11  29.58 -119.28  0.37E-13
  9 11  29.63 -119.28  0.25E-13
  9 11  29.88 -119.28  0.12E-13
  9 11  29.98 -119.28  0.12E-13
  9 11  28.78 -119.23  0.12E-13
  9 11  28.83 -119.23  0.25E-13
  9 11  28.88 -119.23  0.37E-13
  9 11  28.93 -119.23  0.12E-13
  9 11  28.98 -119.23  0.12E-13
  9 11  29.03 -119.23  0.25E-13
  9 11  29.08 -119.23  0.12E-13
  9 11  29.13 -119.23  0.74E-13
  9 11  29.18 -119.23  0.86E-13
  9 11  29.23 -119.23  0.86E-13
  9 11  29.28 -119.23  0.11E-12
  9 11  29.33 -119.23  0.62E-13
  9 11  29.38 -119.23  0.49E-13
  9 11  29.43 -119.23  0.50E-13
  9 11  29.48 -119.23  0.37E-13
  9 11  29.53 -119.23  0.37E-13
  9 11  29.58 -119.23  0.37E-13
  9 11  29.63 -119.23  0.25E-13
  9 11  29.68 -119.23  0.37E-13
  9 11  29.73 -119.23  0.12E-13
  9 11  29.83 -119.23  0.12E-13
  9 11  28.98 -119.18  0.12E-13
  9 11  29.03 -119.18  0.49E-13
  9 11  29.08 -119.18  0.49E-13
  9 11  29.13 -119.18  0.49E-13
  9 11  29.18 -119.18  0.74E-13
  9 11  29.23 -119.18  0.99E-13
  9 11  29.28 -119.18  0.12E-12
  9 11  29.33 -119.18  0.17E-12
  9 11  29.38 -119.18  0.87E-13
  9 11  29.43 -119.18  0.99E-13
  9 11  29.48 -119.18  0.74E-13
  9 11  29.53 -119.18  0.11E-12
  9 11  29.58 -119.18  0.37E-13
  9 11  29.63 -119.18  0.50E-13
  9 11  28.88 -119.13  0.25E-13
  9 11  28.93 -119.13  0.49E-13
  9 11  28.98 -119.13  0.62E-13
  9 11  29.03 -119.13  0.74E-13
  9 11  29.08 -119.13  0.12E-12
  9 11  29.13 -119.13  0.25E-13
  9 11  29.18 -119.13  0.62E-13
  9 11  29.23 -119.13  0.49E-13
  9 11  29.28 -119.13  0.12E-12
  9 11  29.33 -119.13  0.74E-13
  9 11  29.38 -119.13  0.37E-13
  9 11  29.43 -119.13  0.12E-13
  9 11  29.48 -119.13  0.74E-13
  9 11  29.53 -119.13  0.74E-13
  9 11  29.58 -119.13  0.25E-13
  9 11  29.63 -119.13  0.25E-13
  9 11  29.68 -119.13  0.50E-13
  9 11  29.73 -119.13  0.62E-13
  9 11  29.78 -119.13  0.37E-13
  9 11  29.83 -119.13  0.12E-13
  9 11  29.88 -119.13  0.25E-13
  9 11  29.93 -119.13  0.12E-13
  9 11  29.98 -119.13  0.12E-13
  9 11  28.93 -119.08  0.12E-13
  9 11  29.08 -119.08  0.37E-13
  9 11  29.13 -119.08  0.62E-13
  9 11  29.18 -119.08  0.12E-13
  9 11  29.23 -119.08  0.12E-13
  9 11  29.28 -119.08  0.49E-13
  9 11  29.33 -119.08  0.12E-13
  9 11  29.38 -119.08  0.99E-13
  9 11  29.43 -119.08  0.19E-12
  9 11  29.48 -119.08  0.50E-13
  9 11  29.53 -119.08  0.11E-12
  9 11  29.58 -119.08  0.50E-13
  9 11  29.63 -119.08  0.62E-13
  9 11  29.68 -119.08  0.99E-13
  9 11  29.83 -119.08  0.25E-13
  9 11  29.88 -119.08  0.12E-13
  9 11  30.33 -119.08  0.37E-13
  9 11  30.38 -119.08  0.25E-13
  9 11  28.93 -119.03  0.12E-13
  9 11  28.98 -119.03  0.62E-13
  9 11  29.03 -119.03  0.49E-13
  9 11  29.08 -119.03  0.49E-13
  9 11  29.13 -119.03  0.37E-13
  9 11  29.23 -119.03  0.12E-13
  9 11  29.28 -119.03  0.87E-13
  9 11  29.33 -119.03  0.19E-12
  9 11  29.38 -119.03  0.27E-12
  9 11  29.43 -119.03  0.24E-12
  9 11  29.48 -119.03  0.12E-12
  9 11  29.53 -119.03  0.87E-13
  9 11  29.58 -119.03  0.11E-12
  9 11  29.63 -119.03  0.62E-13
  9 11  29.68 -119.03  0.25E-13
  9 11  29.73 -119.03  0.12E-13
  9 11  29.83 -119.03  0.12E-13
  9 11  29.88 -119.03  0.12E-13
  9 11  30.18 -119.03  0.12E-13
  9 11  30.23 -119.03  0.12E-13
  9 11  28.78 -118.98  0.12E-13
  9 11  28.83 -118.98  0.49E-13
  9 11  28.88 -118.98  0.62E-13
  9 11  28.93 -118.98  0.37E-13
  9 11  29.03 -118.98  0.25E-13
  9 11  29.18 -118.98  0.49E-13
  9 11  29.23 -118.98  0.12E-12
  9 11  29.28 -118.98  0.49E-13
  9 11  29.33 -118.98  0.74E-13
  9 11  29.38 -118.98  0.11E-12
  9 11  29.43 -118.98  0.87E-13
  9 11  29.48 -118.98  0.87E-13
  9 11  29.53 -118.98  0.16E-12
  9 11  29.58 -118.98  0.19E-12
  9 11  29.63 -118.98  0.50E-13
  9 11  29.68 -118.98  0.25E-13
  9 11  29.73 -118.98  0.25E-13
  9 11  29.78 -118.98  0.25E-13
  9 11  29.88 -118.98  0.37E-13
  9 11  29.08 -118.93  0.25E-13
  9 11  29.13 -118.93  0.25E-13
  9 11  29.18 -118.93  0.12E-13
  9 11  29.23 -118.93  0.62E-13
  9 11  29.28 -118.93  0.25E-13
  9 11  29.33 -118.93  0.11E-12
  9 11  29.38 -118.93  0.99E-13
  9 11  29.43 -118.93  0.16E-12
  9 11  29.48 -118.93  0.22E-12
  9 11  29.53 -118.93  0.11E-12
  9 11  29.58 -118.93  0.87E-13
  9 11  29.63 -118.93  0.99E-13
  9 11  29.68 -118.93  0.74E-13
  9 11  29.73 -118.93  0.99E-13
  9 11  29.78 -118.93  0.50E-13
  9 11  29.83 -118.93  0.50E-13
  9 11  29.88 -118.93  0.37E-13
  9 11  29.93 -118.93  0.25E-13
  9 11  29.08 -118.88  0.37E-13
  9 11  29.13 -118.88  0.62E-13
  9 11  29.18 -118.88  0.37E-13
  9 11  29.23 -118.88  0.37E-13
  9 11  29.28 -118.88  0.87E-13
  9 11  29.33 -118.88  0.37E-13
  9 11  29.38 -118.88  0.25E-13
  9 11  29.43 -118.88  0.50E-13
  9 11  29.48 -118.88  0.87E-13
  9 11  29.53 -118.88  0.11E-12
  9 11  29.58 -118.88  0.87E-13
  9 11  29.63 -118.88  0.74E-13
  9 11  29.68 -118.88  0.50E-13
  9 11  29.73 -118.88  0.62E-13
  9 11  29.83 -118.88  0.25E-13
  9 11  29.93 -118.88  0.50E-13
  9 11  29.98 -118.88  0.50E-13
  9 11  30.03 -118.88  0.12E-13
  9 11  29.08 -118.83  0.25E-13
  9 11  29.23 -118.83  0.25E-13
  9 11  29.28 -118.83  0.25E-13
  9 11  29.33 -118.83  0.62E-13
  9 11  29.38 -118.83  0.74E-13
  9 11  29.43 -118.83  0.11E-12
  9 11  29.48 -118.83  0.14E-12
  9 11  29.53 -118.83  0.74E-13
  9 11  29.58 -118.83  0.12E-13
  9 11  29.63 -118.83  0.37E-13
  9 11  29.83 -118.83  0.50E-13
  9 11  29.88 -118.83  0.50E-13
  9 11  30.08 -118.83  0.12E-13
  9 11  29.18 -118.78  0.25E-13
  9 11  29.23 -118.78  0.25E-13
  9 11  29.28 -118.78  0.25E-13
  9 11  29.33 -118.78  0.25E-13
  9 11  29.38 -118.78  0.50E-13
  9 11  29.43 -118.78  0.50E-13
  9 11  29.48 -118.78  0.37E-13
  9 11  29.53 -118.78  0.50E-13
  9 11  29.58 -118.78  0.25E-13
  9 11  29.63 -118.78  0.12E-13
  9 11  29.68 -118.78  0.50E-13
  9 11  29.88 -118.78  0.25E-13
  9 11  29.23 -118.73  0.37E-13
  9 11  29.28 -118.73  0.49E-13
  9 11  29.33 -118.73  0.25E-13
  9 11  29.38 -118.73  0.37E-13
  9 11  29.43 -118.73  0.25E-13
  9 11  29.48 -118.73  0.37E-13
  9 11  29.58 -118.73  0.25E-13
  9 11  29.63 -118.73  0.37E-13
  9 11  29.68 -118.73  0.12E-13
  9 11  29.83 -118.73  0.50E-13
  9 11  29.88 -118.73  0.25E-13
  9 11  29.93 -118.73  0.25E-13
  9 11  29.98 -118.73  0.50E-13
  9 11  30.03 -118.73  0.25E-13
  9 11  30.08 -118.73  0.12E-13
  9 11  29.13 -118.68  0.25E-13
  9 11  29.18 -118.68  0.25E-13
  9 11  29.23 -118.68  0.12E-13
  9 11  29.28 -118.68  0.12E-13
  9 11  29.38 -118.68  0.25E-13
  9 11  29.43 -118.68  0.12E-13
  9 11  29.48 -118.68  0.12E-13
  9 11  29.68 -118.68  0.25E-13
  9 11  29.73 -118.68  0.12E-13
  9 11  29.78 -118.68  0.37E-13
  9 11  29.83 -118.68  0.25E-13
  9 11  29.88 -118.68  0.75E-13
  9 11  29.93 -118.68  0.75E-13
  9 11  29.98 -118.68  0.25E-13
  9 11  30.08 -118.68  0.37E-13
  9 11  30.18 -118.68  0.12E-13
  9 11  30.23 -118.68  0.12E-13
  9 11  29.53 -118.63  0.12E-13
  9 11  29.58 -118.63  0.12E-13
  9 11  29.63 -118.63  0.12E-13
  9 11  29.68 -118.63  0.12E-13
  9 11  29.73 -118.63  0.25E-13
  9 11  29.78 -118.63  0.25E-13
  9 11  29.83 -118.63  0.25E-13
  9 11  29.88 -118.63  0.37E-13
  9 11  29.93 -118.63  0.12E-13
  9 11  29.98 -118.63  0.25E-13
  9 11  30.03 -118.63  0.37E-13
  9 11  30.13 -118.63  0.25E-13
  9 11  30.23 -118.63  0.37E-13
  9 11  30.28 -118.63  0.25E-13
  9 11  29.48 -118.58  0.12E-13
  9 11  29.53 -118.58  0.12E-13
  9 11  29.68 -118.58  0.25E-13
  9 11  29.73 -118.58  0.12E-13
  9 11  29.78 -118.58  0.12E-13
  9 11  29.83 -118.58  0.12E-13
  9 11  29.93 -118.58  0.12E-13
  9 11  30.03 -118.58  0.25E-13
  9 11  30.08 -118.58  0.12E-13
  9 11  30.18 -118.58  0.62E-13
  9 11  30.38 -118.58  0.13E-13
  9 11  29.78 -118.53  0.12E-13
  9 11  29.83 -118.53  0.25E-13
  9 11  29.93 -118.53  0.12E-13
  9 11  29.98 -118.53  0.12E-13
  9 11  30.03 -118.53  0.37E-13
  9 11  30.08 -118.53  0.25E-13
  9 11  30.18 -118.53  0.12E-13
  9 11  29.78 -118.48  0.12E-13
  9 11  29.98 -118.48  0.12E-13
  9 11  30.03 -118.48  0.25E-13
  9 11  30.08 -118.48  0.25E-13
  9 11  30.13 -118.48  0.12E-13
  9 11  30.28 -118.48  0.12E-13
  9 11  29.83 -118.43  0.25E-13
  9 11  29.88 -118.43  0.37E-13
  9 11  29.93 -118.43  0.37E-13
  9 11  29.98 -118.43  0.25E-13
  9 11  30.03 -118.43  0.12E-13
  9 11  30.08 -118.43  0.12E-13
  9 11  30.13 -118.43  0.12E-13
  9 11  30.18 -118.43  0.50E-13
  9 11  30.28 -118.43  0.12E-13
  9 11  30.33 -118.43  0.25E-13
  9 11  30.53 -118.43  0.25E-13
  9 11  30.63 -118.43  0.13E-13
  9 11  29.78 -118.38  0.25E-13
  9 11  29.83 -118.38  0.12E-13
  9 11  29.88 -118.38  0.25E-13
  9 11  29.93 -118.38  0.25E-13
  9 11  29.98 -118.38  0.37E-13
  9 11  30.03 -118.38  0.25E-13
  9 11  30.08 -118.38  0.37E-13
  9 11  30.18 -118.38  0.25E-13
  9 11  30.23 -118.38  0.12E-13
  9 11  30.43 -118.38  0.38E-13
  9 11  30.58 -118.38  0.38E-13
  9 11  30.63 -118.38  0.13E-13
  9 11  29.78 -118.33  0.12E-13
  9 11  29.83 -118.33  0.25E-13
  9 11  29.98 -118.33  0.12E-13
  9 11  30.03 -118.33  0.25E-13
  9 11  30.08 -118.33  0.37E-13
  9 11  30.13 -118.33  0.25E-13
  9 11  30.23 -118.33  0.25E-13
  9 11  30.28 -118.33  0.25E-13
  9 11  30.38 -118.33  0.25E-13
  9 11  30.43 -118.33  0.13E-13
  9 11  30.48 -118.33  0.13E-13
  9 11  29.93 -118.28  0.12E-13
  9 11  30.08 -118.28  0.25E-13
  9 11  30.18 -118.28  0.25E-13
  9 11  30.23 -118.28  0.12E-13
  9 11  30.28 -118.28  0.12E-13
  9 11  30.33 -118.28  0.25E-13
  9 11  30.38 -118.28  0.12E-13
  9 11  30.43 -118.28  0.13E-13
  9 11  30.58 -118.28  0.38E-13
  9 11  30.63 -118.28  0.13E-13
  9 11  30.73 -118.28  0.38E-13
  9 11  29.93 -118.23  0.25E-13
  9 11  29.98 -118.23  0.25E-13
  9 11  30.03 -118.23  0.37E-13
  9 11  30.18 -118.23  0.37E-13
  9 11  30.23 -118.23  0.12E-13
  9 11  30.48 -118.23  0.25E-13
  9 11  30.53 -118.23  0.50E-13
  9 11  30.58 -118.23  0.25E-13
  9 11  30.63 -118.23  0.13E-13
  9 11  30.68 -118.23  0.50E-13
  9 11  30.73 -118.23  0.25E-13
  9 11  30.78 -118.23  0.50E-13
  9 11  29.88 -118.18  0.25E-13
  9 11  29.93 -118.18  0.12E-13
  9 11  30.23 -118.18  0.12E-13
  9 11  30.28 -118.18  0.25E-13
  9 11  30.33 -118.18  0.37E-13
  9 11  30.38 -118.18  0.25E-13
  9 11  30.43 -118.18  0.25E-13
  9 11  30.48 -118.18  0.38E-13
  9 11  30.53 -118.18  0.38E-13
  9 11  30.58 -118.18  0.13E-13
  9 11  30.63 -118.18  0.13E-13
  9 11  30.68 -118.18  0.38E-13
  9 11  30.73 -118.18  0.38E-13
  9 11  30.78 -118.18  0.38E-13
  9 11  29.78 -118.13  0.12E-13
  9 11  29.83 -118.13  0.25E-13
  9 11  29.88 -118.13  0.12E-13
  9 11  30.28 -118.13  0.25E-13
  9 11  30.38 -118.13  0.13E-13
  9 11  30.43 -118.13  0.25E-13
  9 11  30.48 -118.13  0.13E-13
  9 11  30.63 -118.13  0.25E-13
  9 11  30.68 -118.13  0.13E-13
  9 11  30.73 -118.13  0.38E-13
  9 11  29.68 -118.08  0.37E-13
  9 11  29.73 -118.08  0.25E-13
  9 11  29.78 -118.08  0.12E-13
  9 11  30.18 -118.08  0.25E-13
  9 11  30.23 -118.08  0.37E-13
  9 11  30.28 -118.08  0.37E-13
  9 11  30.33 -118.08  0.12E-13
  9 11  30.48 -118.08  0.13E-13
  9 11  30.53 -118.08  0.38E-13
  9 11  30.58 -118.08  0.50E-13
  9 11  30.68 -118.08  0.50E-13
  9 11  30.73 -118.08  0.13E-13
  9 11  30.78 -118.08  0.38E-13
  9 11  30.93 -118.08  0.38E-13
  9 11  30.98 -118.08  0.25E-13
  9 11  29.63 -118.03  0.37E-13
  9 11  30.08 -118.03  0.25E-13
  9 11  30.13 -118.03  0.25E-13
  9 11  30.18 -118.03  0.12E-13
  9 11  30.23 -118.03  0.12E-13
  9 11  30.28 -118.03  0.12E-13
  9 11  30.38 -118.03  0.13E-13
  9 11  30.43 -118.03  0.38E-13
  9 11  30.48 -118.03  0.38E-13
  9 11  30.53 -118.03  0.38E-13
  9 11  30.63 -118.03  0.13E-13
  9 11  30.68 -118.03  0.50E-13
  9 11  30.73 -118.03  0.25E-13
  9 11  30.88 -118.03  0.75E-13
  9 11  30.93 -118.03  0.38E-13
  9 11  29.73 -117.98  0.12E-13
  9 11  29.78 -117.98  0.37E-13
  9 11  29.83 -117.98  0.25E-13
  9 11  30.33 -117.98  0.12E-13
  9 11  30.48 -117.98  0.13E-13
  9 11  30.53 -117.98  0.38E-13
  9 11  30.58 -117.98  0.50E-13
  9 11  30.63 -117.98  0.13E-13
  9 11  30.73 -117.98  0.13E-13
  9 11  30.83 -117.98  0.50E-13
  9 11  30.88 -117.98  0.25E-13
  9 11  30.43 -117.93  0.25E-13
  9 11  30.48 -117.93  0.50E-13
  9 11  30.53 -117.93  0.38E-13
  9 11  30.63 -117.93  0.50E-13
  9 11  30.68 -117.93  0.13E-13
  9 11  30.78 -117.93  0.50E-13
  9 11  30.28 -117.88  0.25E-13
  9 11  30.33 -117.88  0.37E-13
  9 11  30.38 -117.88  0.25E-13
  9 11  30.43 -117.88  0.25E-13
  9 11  30.48 -117.88  0.13E-13
  9 11  30.58 -117.88  0.25E-13
  9 11  30.63 -117.88  0.38E-13
  9 11  31.23 -117.88  0.13E-13
  9 11  31.43 -117.88  0.13E-13
  9 11  30.18 -117.83  0.12E-13
  9 11  30.23 -117.83  0.50E-13
  9 11  30.28 -117.83  0.12E-13
  9 11  30.53 -117.83  0.50E-13
  9 11  30.58 -117.83  0.50E-13
  9 11  30.73 -117.83  0.13E-13
  9 11  30.83 -117.83  0.25E-13
  9 11  30.88 -117.83  0.63E-13
  9 11  30.93 -117.83  0.13E-13
  9 11  30.98 -117.83  0.13E-13
  9 11  31.23 -117.83  0.50E-13
  9 11  31.38 -117.83  0.51E-13
  9 11  30.48 -117.78  0.25E-13
  9 11  30.63 -117.78  0.38E-13
  9 11  30.68 -117.78  0.38E-13
  9 11  30.73 -117.78  0.38E-13
  9 11  30.78 -117.78  0.50E-13
  9 11  30.88 -117.78  0.14E-12
  9 11  30.93 -117.78  0.88E-13
  9 11  30.98 -117.78  0.13E-13
  9 11  31.18 -117.78  0.50E-13
  9 11  31.28 -117.78  0.63E-13
  9 11  31.33 -117.78  0.13E-13
  9 11  31.38 -117.78  0.13E-13
  9 11  30.53 -117.73  0.13E-13
  9 11  30.58 -117.73  0.38E-13
  9 11  30.63 -117.73  0.38E-13
  9 11  30.68 -117.73  0.50E-13
  9 11  30.73 -117.73  0.25E-13
  9 11  30.78 -117.73  0.25E-13
  9 11  30.83 -117.73  0.15E-12
  9 11  30.88 -117.73  0.88E-13
  9 11  30.93 -117.73  0.38E-13
  9 11  31.08 -117.73  0.13E-13
  9 11  31.13 -117.73  0.50E-13
  9 11  31.23 -117.73  0.25E-13
  9 11  31.28 -117.73  0.88E-13
  9 11  30.53 -117.68  0.25E-13
  9 11  30.73 -117.68  0.13E-13
  9 11  30.78 -117.68  0.13E-13
  9 11  30.83 -117.68  0.88E-13
  9 11  30.88 -117.68  0.75E-13
  9 11  30.93 -117.68  0.13E-13
  9 11  31.08 -117.68  0.50E-13
  9 11  31.13 -117.68  0.38E-13
  9 11  31.18 -117.68  0.76E-13
  9 11  31.23 -117.68  0.13E-13
  9 11  31.78 -117.68  0.13E-13
  9 11  30.78 -117.63  0.13E-13
  9 11  30.83 -117.63  0.50E-13
  9 11  30.93 -117.63  0.13E-13
  9 11  31.08 -117.63  0.25E-13
  9 11  31.13 -117.63  0.76E-13
  9 11  31.18 -117.63  0.10E-12
  9 11  31.23 -117.63  0.38E-13
  9 11  31.28 -117.63  0.38E-13
  9 11  31.33 -117.63  0.13E-13
  9 11  31.73 -117.63  0.63E-13
  9 11  31.78 -117.63  0.38E-13
  9 11  30.78 -117.58  0.25E-13
  9 11  30.83 -117.58  0.13E-13
  9 11  30.88 -117.58  0.50E-13
  9 11  30.98 -117.58  0.13E-13
  9 11  31.08 -117.58  0.63E-13
  9 11  31.13 -117.58  0.38E-13
  9 11  31.18 -117.58  0.25E-13
  9 11  31.23 -117.58  0.50E-13
  9 11  31.28 -117.58  0.76E-13
  9 11  31.33 -117.58  0.76E-13
  9 11  31.63 -117.58  0.25E-13
  9 11  31.68 -117.58  0.10E-12
  9 11  32.03 -117.58  0.25E-13
  9 11  32.08 -117.58  0.13E-13
  9 11  30.78 -117.53  0.38E-13
  9 11  30.83 -117.53  0.25E-13
  9 11  30.98 -117.53  0.25E-13
  9 11  31.08 -117.53  0.50E-13
  9 11  31.18 -117.53  0.38E-13
  9 11  31.23 -117.53  0.11E-12
  9 11  31.28 -117.53  0.63E-13
  9 11  31.63 -117.53  0.13E-13
  9 11  31.83 -117.53  0.25E-13
  9 11  31.88 -117.53  0.51E-13
  9 11  31.93 -117.53  0.38E-13
  9 11  31.98 -117.53  0.64E-13
  9 11  32.03 -117.53  0.64E-13
  9 11  32.18 -117.53  0.25E-13
  9 11  32.23 -117.53  0.38E-13
  9 11  30.78 -117.48  0.13E-13
  9 11  30.98 -117.48  0.50E-13
  9 11  31.13 -117.48  0.13E-13
  9 11  31.18 -117.48  0.13E-13
  9 11  31.83 -117.48  0.51E-13
  9 11  32.08 -117.48  0.64E-13
  9 11  32.13 -117.48  0.13E-13
  9 11  32.18 -117.48  0.76E-13
  9 11  30.93 -117.43  0.25E-13
  9 11  30.98 -117.43  0.13E-13
  9 11  32.03 -117.43  0.89E-13
