DAY HR    LAT     LON TEST00100
  8 17  33.43 -118.98  0.13E-13
  8 17  33.48 -118.98  0.39E-13
  8 17  33.43 -118.93  0.16E-12
  8 17  33.48 -118.93  0.35E-12
  8 17  33.53 -118.93  0.21E-12
  8 17  33.58 -118.93  0.52E-13
  8 17  33.63 -118.93  0.13E-13
  8 17  33.43 -118.88  0.26E-13
  8 17  33.48 -118.88  0.75E-12
  8 17  33.53 -118.88  0.10E-11
  8 17  33.58 -118.88  0.36E-12
  8 17  33.63 -118.88  0.26E-13
  8 17  33.68 -118.88  0.13E-13
  8 17  33.43 -118.83  0.13E-13
  8 17  33.48 -118.83  0.88E-12
  8 17  33.53 -118.83  0.29E-11
  8 17  33.58 -118.83  0.21E-11
  8 17  33.63 -118.83  0.43E-12
  8 17  33.68 -118.83  0.39E-13
  8 17  33.43 -118.78  0.13E-13
  8 17  33.48 -118.78  0.37E-12
  8 17  33.53 -118.78  0.36E-11
  8 17  33.58 -118.78  0.58E-11
  8 17  33.63 -118.78  0.27E-11
  8 17  33.68 -118.78  0.31E-12
  8 17  33.48 -118.73  0.16E-12
  8 17  33.53 -118.73  0.15E-11
  8 17  33.58 -118.73  0.72E-11
  8 17  33.63 -118.73  0.91E-11
  8 17  33.68 -118.73  0.27E-11
  8 17  33.73 -118.73  0.21E-12
  8 17  33.53 -118.68  0.21E-12
  8 17  33.58 -118.68  0.22E-11
  8 17  33.63 -118.68  0.11E-10
  8 17  33.68 -118.68  0.13E-10
  8 17  33.73 -118.68  0.20E-11
  8 17  33.78 -118.68  0.52E-13
  8 17  33.53 -118.63  0.39E-13
  8 17  33.58 -118.63  0.23E-12
  8 17  33.63 -118.63  0.28E-11
  8 17  33.68 -118.63  0.14E-10
  8 17  33.73 -118.63  0.13E-10
  8 17  33.78 -118.63  0.13E-11
  8 17  33.63 -118.58  0.91E-13
  8 17  33.68 -118.58  0.25E-11
  8 17  33.73 -118.58  0.14E-10
  8 17  33.78 -118.58  0.11E-10
  8 17  33.83 -118.58  0.43E-12
  8 17  33.68 -118.53  0.26E-13
  8 17  33.73 -118.53  0.13E-11
  8 17  33.78 -118.53  0.79E-11
  8 17  33.83 -118.53  0.45E-11
  8 17  33.88 -118.53  0.12E-12
  8 17  33.78 -118.48  0.16E-12
  8 17  33.83 -118.48  0.23E-11
  8 17  33.88 -118.48  0.74E-12
  8 17  33.88 -118.43  0.13E-12
  8 17  33.93 -118.43  0.13E-13
