DAY HR    LAT     LON TEST00100
  8 19  32.93 -119.68  0.31E-13
  8 19  32.98 -119.68  0.10E-13
  8 19  33.03 -119.68  0.10E-13
  8 19  33.08 -119.68  0.41E-13
  8 19  32.98 -119.63  0.31E-13
  8 19  33.03 -119.63  0.12E-12
  8 19  33.08 -119.63  0.72E-13
  8 19  33.13 -119.63  0.31E-13
  8 19  33.18 -119.63  0.93E-13
  8 19  33.23 -119.63  0.52E-13
  8 19  33.28 -119.63  0.21E-13
  8 19  32.93 -119.58  0.31E-13
  8 19  32.98 -119.58  0.93E-13
  8 19  33.03 -119.58  0.25E-12
  8 19  33.08 -119.58  0.36E-12
  8 19  33.13 -119.58  0.34E-12
  8 19  33.18 -119.58  0.19E-12
  8 19  33.23 -119.58  0.18E-12
  8 19  33.28 -119.58  0.41E-13
  8 19  32.93 -119.53  0.41E-13
  8 19  32.98 -119.53  0.14E-12
  8 19  33.03 -119.53  0.55E-12
  8 19  33.08 -119.53  0.67E-12
  8 19  33.13 -119.53  0.10E-11
  8 19  33.18 -119.53  0.67E-12
  8 19  33.23 -119.53  0.38E-12
  8 19  33.28 -119.53  0.20E-12
  8 19  33.33 -119.53  0.41E-13
  8 19  32.93 -119.48  0.10E-13
  8 19  32.98 -119.48  0.93E-13
  8 19  33.03 -119.48  0.45E-12
  8 19  33.08 -119.48  0.15E-11
  8 19  33.13 -119.48  0.18E-11
  8 19  33.18 -119.48  0.16E-11
  8 19  33.23 -119.48  0.11E-11
  8 19  33.28 -119.48  0.53E-12
  8 19  33.33 -119.48  0.21E-12
  8 19  32.93 -119.43  0.10E-13
  8 19  32.98 -119.43  0.72E-13
  8 19  33.03 -119.43  0.44E-12
  8 19  33.08 -119.43  0.13E-11
  8 19  33.13 -119.43  0.30E-11
  8 19  33.18 -119.43  0.33E-11
  8 19  33.23 -119.43  0.24E-11
  8 19  33.28 -119.43  0.12E-11
  8 19  33.33 -119.43  0.40E-12
  8 19  33.38 -119.43  0.41E-13
  8 19  32.93 -119.38  0.31E-13
  8 19  32.98 -119.38  0.82E-13
  8 19  33.03 -119.38  0.34E-12
  8 19  33.08 -119.38  0.13E-11
  8 19  33.13 -119.38  0.33E-11
  8 19  33.18 -119.38  0.52E-11
  8 19  33.23 -119.38  0.49E-11
  8 19  33.28 -119.38  0.27E-11
  8 19  33.33 -119.38  0.10E-11
  8 19  33.38 -119.38  0.18E-12
  8 19  33.43 -119.38  0.10E-13
  8 19  32.93 -119.33  0.21E-13
  8 19  32.98 -119.33  0.31E-13
  8 19  33.03 -119.33  0.42E-12
  8 19  33.08 -119.33  0.12E-11
  8 19  33.13 -119.33  0.31E-11
  8 19  33.18 -119.33  0.61E-11
  8 19  33.23 -119.33  0.75E-11
  8 19  33.28 -119.33  0.51E-11
  8 19  33.33 -119.33  0.22E-11
  8 19  33.38 -119.33  0.54E-12
  8 19  33.43 -119.33  0.10E-12
  8 19  32.98 -119.28  0.10E-13
  8 19  33.03 -119.28  0.23E-12
  8 19  33.08 -119.28  0.91E-12
  8 19  33.13 -119.28  0.26E-11
  8 19  33.18 -119.28  0.60E-11
  8 19  33.23 -119.28  0.89E-11
  8 19  33.28 -119.28  0.77E-11
  8 19  33.33 -119.28  0.42E-11
  8 19  33.38 -119.28  0.11E-11
  8 19  33.43 -119.28  0.27E-12
  8 19  33.48 -119.28  0.10E-13
  8 19  33.03 -119.23  0.31E-13
  8 19  33.08 -119.23  0.38E-12
  8 19  33.13 -119.23  0.16E-11
  8 19  33.18 -119.23  0.43E-11
  8 19  33.23 -119.23  0.87E-11
  8 19  33.28 -119.23  0.98E-11
  8 19  33.33 -119.23  0.60E-11
  8 19  33.38 -119.23  0.25E-11
  8 19  33.43 -119.23  0.36E-12
  8 19  33.48 -119.23  0.93E-13
  8 19  33.08 -119.18  0.21E-12
  8 19  33.13 -119.18  0.88E-12
  8 19  33.18 -119.18  0.27E-11
  8 19  33.23 -119.18  0.70E-11
  8 19  33.28 -119.18  0.95E-11
  8 19  33.33 -119.18  0.80E-11
  8 19  33.38 -119.18  0.37E-11
  8 19  33.43 -119.18  0.93E-12
  8 19  33.48 -119.18  0.72E-13
  8 19  33.03 -119.13  0.10E-13
  8 19  33.08 -119.13  0.72E-13
  8 19  33.13 -119.13  0.27E-12
  8 19  33.18 -119.13  0.15E-11
  8 19  33.23 -119.13  0.41E-11
  8 19  33.28 -119.13  0.79E-11
  8 19  33.33 -119.13  0.81E-11
  8 19  33.38 -119.13  0.52E-11
  8 19  33.43 -119.13  0.18E-11
  8 19  33.48 -119.13  0.23E-12
  8 19  33.13 -119.08  0.62E-13
  8 19  33.18 -119.08  0.38E-12
  8 19  33.23 -119.08  0.18E-11
  8 19  33.28 -119.08  0.44E-11
  8 19  33.33 -119.08  0.63E-11
  8 19  33.38 -119.08  0.53E-11
  8 19  33.43 -119.08  0.26E-11
  8 19  33.48 -119.08  0.52E-12
  8 19  33.53 -119.08  0.41E-13
  8 19  33.13 -119.03  0.41E-13
  8 19  33.18 -119.03  0.11E-12
  8 19  33.23 -119.03  0.58E-12
  8 19  33.28 -119.03  0.19E-11
  8 19  33.33 -119.03  0.43E-11
  8 19  33.38 -119.03  0.45E-11
  8 19  33.43 -119.03  0.26E-11
  8 19  33.48 -119.03  0.73E-12
  8 19  33.53 -119.03  0.52E-13
  8 19  33.18 -118.98  0.62E-13
  8 19  33.23 -118.98  0.17E-12
  8 19  33.28 -118.98  0.70E-12
  8 19  33.33 -118.98  0.19E-11
  8 19  33.38 -118.98  0.33E-11
  8 19  33.43 -118.98  0.21E-11
  8 19  33.48 -118.98  0.99E-12
  8 19  33.53 -118.98  0.11E-12
  8 19  33.23 -118.93  0.10E-13
  8 19  33.28 -118.93  0.19E-12
  8 19  33.33 -118.93  0.62E-12
  8 19  33.38 -118.93  0.13E-11
  8 19  33.43 -118.93  0.16E-11
  8 19  33.48 -118.93  0.59E-12
  8 19  33.53 -118.93  0.12E-12
  8 19  33.28 -118.88  0.21E-13
  8 19  33.33 -118.88  0.14E-12
  8 19  33.38 -118.88  0.42E-12
  8 19  33.43 -118.88  0.66E-12
  8 19  33.48 -118.88  0.35E-12
  8 19  33.53 -118.88  0.62E-13
  8 19  33.58 -118.88  0.31E-13
  8 19  33.33 -118.83  0.31E-13
  8 19  33.38 -118.83  0.62E-13
  8 19  33.43 -118.83  0.26E-12
  8 19  33.48 -118.83  0.11E-12
  8 19  33.53 -118.83  0.21E-13
  8 19  33.58 -118.83  0.10E-13
  8 19  33.38 -118.78  0.10E-13
  8 19  33.43 -118.78  0.10E-13
  8 19  33.48 -118.78  0.52E-13
  8 19  33.53 -118.78  0.10E-13
  8 19  33.53 -118.73  0.31E-13
