DAY HR    LAT     LON TEST00100
  9  9  30.18 -123.48  0.25E-13
  9  9  30.23 -123.43  0.25E-13
  9  9  29.83 -123.28  0.25E-13
  9  9  29.68 -123.23  0.25E-13
  9  9  29.83 -123.23  0.25E-13
  9  9  29.73 -123.18  0.50E-13
  9  9  29.83 -122.98  0.25E-13
  9  9  30.13 -122.98  0.25E-13
  9  9  30.18 -122.98  0.50E-13
  9  9  30.23 -122.98  0.50E-13
  9  9  29.83 -122.93  0.12E-13
  9  9  29.88 -122.93  0.25E-13
  9  9  29.93 -122.93  0.12E-13
  9  9  29.93 -122.88  0.12E-13
  9  9  30.38 -122.83  0.13E-13
  9  9  30.48 -122.83  0.13E-13
  9  9  30.03 -122.78  0.37E-13
  9  9  30.53 -122.78  0.13E-13
  9  9  30.08 -122.73  0.37E-13
  9  9  29.63 -122.68  0.25E-13
  9  9  29.43 -122.63  0.12E-13
  9  9  29.73 -122.63  0.50E-13
  9  9  29.78 -122.63  0.12E-13
  9  9  29.53 -122.53  0.50E-13
  9  9  29.58 -122.53  0.50E-13
  9  9  29.58 -122.48  0.37E-13
  9  9  29.63 -122.48  0.99E-13
  9  9  29.63 -122.43  0.37E-13
  9  9  29.68 -122.43  0.62E-13
  9  9  28.98 -122.33  0.12E-13
  9  9  29.03 -122.33  0.37E-13
  9  9  29.08 -122.33  0.25E-13
  9  9  29.08 -122.28  0.12E-13
  9  9  29.23 -122.28  0.37E-13
  9  9  29.58 -122.28  0.12E-13
  9  9  29.68 -122.28  0.12E-13
  9  9  29.78 -122.28  0.37E-13
  9  9  29.83 -122.28  0.37E-13
  9  9  29.88 -122.28  0.50E-13
  9  9  29.58 -122.23  0.37E-13
  9  9  29.63 -122.23  0.50E-13
  9  9  29.68 -122.23  0.25E-13
  9  9  29.93 -122.23  0.25E-13
  9  9  29.38 -122.18  0.25E-13
  9  9  29.68 -122.18  0.12E-13
  9  9  29.38 -122.13  0.12E-13
  9  9  29.43 -122.13  0.37E-13
  9  9  29.53 -122.13  0.12E-13
  9  9  29.93 -122.13  0.12E-13
  9  9  29.98 -122.13  0.25E-13
  9  9  29.98 -122.08  0.12E-13
  9  9  30.03 -122.08  0.37E-13
  9  9  29.68 -121.83  0.12E-13
  9  9  29.48 -121.73  0.37E-13
  9  9  29.53 -121.73  0.12E-13
  9  9  29.58 -121.73  0.12E-13
  9  9  29.58 -121.68  0.62E-13
  9  9  29.63 -121.68  0.37E-13
  9  9  29.68 -121.68  0.37E-13
  9  9  29.78 -121.68  0.25E-13
  9  9  29.38 -121.63  0.25E-13
  9  9  29.73 -121.63  0.25E-13
  9  9  29.83 -121.63  0.12E-13
  9  9  29.88 -121.63  0.25E-13
  9  9  29.93 -121.63  0.25E-13
  9  9  29.53 -121.58  0.50E-13
  9  9  29.58 -121.58  0.50E-13
  9  9  29.63 -121.58  0.37E-13
  9  9  29.03 -121.53  0.37E-13
  9  9  29.08 -121.53  0.37E-13
  9  9  29.13 -121.53  0.25E-13
  9  9  29.18 -121.53  0.25E-13
  9  9  29.63 -121.53  0.12E-13
  9  9  29.23 -121.48  0.12E-13
  9  9  29.58 -121.43  0.12E-13
  9  9  29.08 -121.38  0.12E-13
  9  9  29.13 -121.38  0.37E-13
  9  9  29.23 -121.38  0.12E-13
  9  9  29.38 -121.38  0.12E-13
  9  9  29.68 -121.38  0.25E-13
  9  9  29.73 -121.38  0.75E-13
  9  9  29.78 -121.38  0.12E-13
  9  9  29.28 -121.33  0.12E-13
  9  9  29.33 -121.33  0.49E-13
  9  9  29.38 -121.33  0.11E-12
  9  9  29.43 -121.33  0.99E-13
  9  9  29.48 -121.33  0.50E-13
  9  9  29.53 -121.33  0.25E-13
  9  9  29.68 -121.33  0.25E-13
  9  9  29.43 -121.28  0.25E-13
  9  9  29.03 -121.23  0.25E-13
  9  9  29.43 -121.23  0.37E-13
  9  9  29.48 -121.23  0.37E-13
  9  9  29.53 -121.23  0.50E-13
  9  9  29.68 -121.23  0.12E-13
  9  9  29.73 -121.23  0.25E-13
  9  9  29.08 -121.18  0.12E-13
  9  9  29.13 -121.18  0.49E-13
  9  9  29.18 -121.18  0.49E-13
  9  9  29.23 -121.18  0.49E-13
  9  9  29.53 -121.13  0.25E-13
  9  9  29.63 -121.13  0.12E-13
  9  9  29.68 -121.13  0.50E-13
  9  9  29.73 -121.13  0.37E-13
  9  9  29.78 -121.13  0.25E-13
  9  9  29.33 -121.08  0.25E-13
  9  9  29.53 -121.08  0.12E-13
  9  9  29.58 -121.08  0.12E-13
  9  9  29.63 -121.08  0.37E-13
  9  9  29.68 -121.08  0.12E-13
  9  9  29.83 -121.08  0.12E-13
  9  9  29.48 -121.03  0.12E-13
  9  9  29.63 -121.03  0.12E-13
  9  9  29.68 -121.03  0.37E-13
  9  9  29.73 -121.03  0.37E-13
  9  9  29.38 -120.98  0.12E-13
  9  9  29.43 -120.98  0.25E-13
  9  9  29.48 -120.98  0.50E-13
  9  9  29.53 -120.98  0.62E-13
  9  9  29.58 -120.98  0.12E-13
  9  9  29.48 -120.93  0.37E-13
  9  9  29.53 -120.93  0.74E-13
  9  9  29.58 -120.93  0.74E-13
  9  9  29.63 -120.93  0.12E-13
  9  9  29.68 -120.93  0.25E-13
  9  9  29.03 -120.88  0.12E-13
  9  9  29.08 -120.88  0.25E-13
  9  9  29.13 -120.88  0.12E-13
  9  9  29.38 -120.88  0.25E-13
  9  9  29.53 -120.88  0.12E-13
  9  9  29.68 -120.88  0.37E-13
  9  9  29.18 -120.83  0.12E-13
  9  9  29.23 -120.83  0.25E-13
  9  9  29.33 -120.83  0.37E-13
  9  9  29.38 -120.83  0.62E-13
  9  9  29.43 -120.83  0.37E-13
  9  9  29.48 -120.83  0.50E-13
  9  9  29.68 -120.83  0.25E-13
  9  9  29.48 -120.78  0.12E-13
  9  9  29.53 -120.78  0.12E-13
  9  9  29.58 -120.78  0.12E-13
  9  9  29.83 -120.78  0.25E-13
  9  9  29.08 -120.73  0.37E-13
  9  9  29.13 -120.73  0.37E-13
  9  9  29.18 -120.73  0.25E-13
  9  9  29.23 -120.73  0.25E-13
  9  9  29.33 -120.73  0.49E-13
  9  9  29.38 -120.73  0.12E-13
  9  9  29.43 -120.73  0.12E-13
  9  9  29.48 -120.73  0.50E-13
  9  9  29.53 -120.73  0.12E-13
  9  9  29.38 -120.68  0.12E-13
  9  9  29.43 -120.68  0.25E-13
  9  9  29.48 -120.68  0.74E-13
  9  9  29.53 -120.68  0.37E-13
  9  9  29.58 -120.68  0.25E-13
  9  9  29.03 -120.63  0.12E-13
  9  9  29.08 -120.63  0.37E-13
  9  9  29.13 -120.63  0.49E-13
  9  9  29.18 -120.63  0.25E-13
  9  9  29.38 -120.63  0.25E-13
  9  9  29.43 -120.63  0.37E-13
  9  9  29.48 -120.63  0.37E-13
  9  9  29.53 -120.63  0.12E-13
  9  9  29.73 -120.63  0.12E-13
  9  9  29.78 -120.63  0.37E-13
  9  9  28.93 -120.58  0.12E-13
  9  9  28.98 -120.58  0.25E-13
  9  9  29.03 -120.58  0.25E-13
  9  9  29.08 -120.58  0.49E-13
  9  9  29.18 -120.58  0.37E-13
  9  9  29.23 -120.58  0.37E-13
  9  9  29.53 -120.58  0.50E-13
  9  9  29.58 -120.58  0.99E-13
  9  9  29.63 -120.58  0.87E-13
  9  9  29.68 -120.58  0.87E-13
  9  9  29.73 -120.58  0.87E-13
  9  9  29.83 -120.58  0.25E-13
  9  9  29.08 -120.53  0.37E-13
  9  9  29.13 -120.53  0.49E-13
  9  9  29.18 -120.53  0.49E-13
  9  9  29.28 -120.53  0.12E-13
  9  9  29.43 -120.53  0.25E-13
  9  9  29.48 -120.53  0.50E-13
  9  9  29.53 -120.53  0.37E-13
  9  9  29.58 -120.53  0.62E-13
  9  9  29.63 -120.53  0.74E-13
  9  9  29.73 -120.53  0.37E-13
  9  9  29.78 -120.53  0.12E-13
  9  9  29.03 -120.48  0.25E-13
  9  9  29.13 -120.48  0.25E-13
  9  9  29.18 -120.48  0.37E-13
  9  9  29.23 -120.48  0.25E-13
  9  9  29.28 -120.48  0.25E-13
  9  9  29.33 -120.48  0.25E-13
  9  9  29.38 -120.48  0.12E-13
  9  9  29.43 -120.48  0.12E-13
  9  9  29.48 -120.48  0.37E-13
  9  9  29.53 -120.48  0.25E-13
  9  9  29.48 -120.43  0.25E-13
  9  9  29.53 -120.43  0.50E-13
  9  9  29.58 -120.43  0.62E-13
  9  9  29.63 -120.43  0.37E-13
  9  9  29.68 -120.43  0.12E-13
  9  9  29.73 -120.43  0.50E-13
  9  9  29.78 -120.43  0.25E-13
  9  9  29.83 -120.43  0.12E-13
  9  9  29.03 -120.38  0.25E-13
  9  9  29.08 -120.38  0.37E-13
  9  9  29.48 -120.38  0.12E-13
  9  9  29.53 -120.38  0.25E-13
  9  9  29.73 -120.38  0.25E-13
  9  9  29.78 -120.38  0.37E-13
  9  9  29.83 -120.38  0.37E-13
  9  9  29.88 -120.38  0.12E-13
  9  9  29.93 -120.38  0.25E-13
  9  9  29.98 -120.38  0.50E-13
  9  9  30.03 -120.38  0.12E-13
  9  9  29.08 -120.33  0.12E-13
  9  9  29.18 -120.33  0.37E-13
  9  9  29.23 -120.33  0.25E-13
  9  9  29.28 -120.33  0.25E-13
  9  9  29.33 -120.33  0.37E-13
  9  9  29.38 -120.33  0.99E-13
  9  9  29.43 -120.33  0.99E-13
  9  9  29.48 -120.33  0.37E-13
  9  9  29.53 -120.33  0.37E-13
  9  9  29.58 -120.33  0.37E-13
  9  9  29.63 -120.33  0.74E-13
  9  9  29.68 -120.33  0.50E-13
  9  9  29.73 -120.33  0.37E-13
  9  9  29.78 -120.33  0.37E-13
  9  9  29.83 -120.33  0.37E-13
  9  9  29.88 -120.33  0.62E-13
  9  9  29.93 -120.33  0.37E-13
  9  9  29.98 -120.33  0.25E-13
  9  9  30.03 -120.33  0.37E-13
  9  9  28.83 -120.28  0.12E-13
  9  9  28.88 -120.28  0.12E-13
  9  9  28.93 -120.28  0.12E-13
  9  9  28.98 -120.28  0.62E-13
  9  9  29.03 -120.28  0.12E-13
  9  9  29.23 -120.28  0.25E-13
  9  9  29.28 -120.28  0.49E-13
  9  9  29.33 -120.28  0.87E-13
  9  9  29.38 -120.28  0.37E-13
  9  9  29.43 -120.28  0.12E-13
  9  9  29.48 -120.28  0.50E-13
  9  9  29.53 -120.28  0.37E-13
  9  9  29.58 -120.28  0.62E-13
  9  9  29.63 -120.28  0.37E-13
  9  9  29.68 -120.28  0.37E-13
  9  9  29.73 -120.28  0.25E-13
  9  9  28.98 -120.23  0.25E-13
  9  9  29.08 -120.23  0.25E-13
  9  9  29.13 -120.23  0.12E-13
  9  9  29.18 -120.23  0.62E-13
  9  9  29.23 -120.23  0.25E-13
  9  9  29.28 -120.23  0.37E-13
  9  9  29.33 -120.23  0.87E-13
  9  9  29.38 -120.23  0.17E-12
  9  9  29.43 -120.23  0.50E-13
  9  9  29.48 -120.23  0.37E-13
  9  9  29.53 -120.23  0.37E-13
  9  9  29.58 -120.23  0.50E-13
  9  9  29.68 -120.23  0.37E-13
  9  9  29.73 -120.23  0.37E-13
  9  9  30.18 -120.23  0.37E-13
  9  9  30.23 -120.23  0.50E-13
  9  9  28.88 -120.18  0.25E-13
  9  9  29.03 -120.18  0.25E-13
  9  9  29.13 -120.18  0.25E-13
  9  9  29.18 -120.18  0.37E-13
  9  9  29.23 -120.18  0.86E-13
  9  9  29.28 -120.18  0.49E-13
  9  9  29.33 -120.18  0.12E-13
  9  9  29.38 -120.18  0.37E-13
  9  9  29.43 -120.18  0.25E-13
  9  9  29.48 -120.18  0.62E-13
  9  9  29.53 -120.18  0.25E-13
  9  9  29.63 -120.18  0.12E-13
  9  9  29.68 -120.18  0.25E-13
  9  9  29.73 -120.18  0.37E-13
  9  9  29.78 -120.18  0.37E-13
  9  9  29.83 -120.18  0.25E-13
  9  9  30.08 -120.18  0.25E-13
  9  9  30.13 -120.18  0.37E-13
  9  9  29.03 -120.13  0.25E-13
  9  9  29.23 -120.13  0.25E-13
  9  9  29.28 -120.13  0.37E-13
  9  9  29.33 -120.13  0.49E-13
  9  9  29.38 -120.13  0.37E-13
  9  9  29.43 -120.13  0.37E-13
  9  9  29.48 -120.13  0.62E-13
  9  9  29.53 -120.13  0.50E-13
  9  9  29.58 -120.13  0.25E-13
  9  9  29.63 -120.13  0.74E-13
  9  9  29.68 -120.13  0.74E-13
  9  9  29.73 -120.13  0.62E-13
  9  9  29.78 -120.13  0.50E-13
  9  9  29.83 -120.13  0.37E-13
  9  9  29.88 -120.13  0.12E-13
  9  9  29.13 -120.08  0.12E-13
  9  9  29.18 -120.08  0.25E-13
  9  9  29.23 -120.08  0.49E-13
  9  9  29.28 -120.08  0.49E-13
  9  9  29.33 -120.08  0.62E-13
  9  9  29.38 -120.08  0.25E-13
  9  9  29.43 -120.08  0.50E-13
  9  9  29.48 -120.08  0.50E-13
  9  9  29.53 -120.08  0.62E-13
  9  9  29.58 -120.08  0.62E-13
  9  9  29.63 -120.08  0.37E-13
  9  9  29.68 -120.08  0.62E-13
  9  9  29.73 -120.08  0.50E-13
  9  9  29.78 -120.08  0.25E-13
  9  9  29.83 -120.08  0.87E-13
  9  9  29.88 -120.08  0.37E-13
  9  9  29.08 -120.03  0.12E-13
  9  9  29.13 -120.03  0.25E-13
  9  9  29.23 -120.03  0.25E-13
  9  9  29.28 -120.03  0.12E-13
  9  9  29.33 -120.03  0.37E-13
  9  9  29.38 -120.03  0.62E-13
  9  9  29.43 -120.03  0.74E-13
  9  9  29.48 -120.03  0.99E-13
  9  9  29.53 -120.03  0.11E-12
  9  9  29.58 -120.03  0.50E-13
  9  9  29.63 -120.03  0.50E-13
  9  9  29.68 -120.03  0.12E-13
  9  9  29.88 -120.03  0.25E-13
  9  9  29.93 -120.03  0.37E-13
  9  9  30.13 -120.03  0.25E-13
  9  9  29.23 -119.98  0.25E-13
  9  9  29.28 -119.98  0.12E-13
  9  9  29.33 -119.98  0.87E-13
  9  9  29.38 -119.98  0.37E-13
  9  9  29.43 -119.98  0.50E-13
  9  9  29.53 -119.98  0.12E-13
  9  9  29.58 -119.98  0.12E-13
  9  9  29.63 -119.98  0.37E-13
  9  9  29.68 -119.98  0.50E-13
  9  9  29.73 -119.98  0.62E-13
  9  9  29.78 -119.98  0.37E-13
  9  9  29.83 -119.98  0.50E-13
  9  9  29.23 -119.93  0.12E-13
  9  9  29.28 -119.93  0.25E-13
  9  9  29.33 -119.93  0.12E-13
  9  9  29.38 -119.93  0.87E-13
  9  9  29.43 -119.93  0.74E-13
  9  9  29.48 -119.93  0.50E-13
  9  9  29.53 -119.93  0.12E-12
  9  9  29.58 -119.93  0.62E-13
  9  9  29.63 -119.93  0.50E-13
  9  9  29.68 -119.93  0.11E-12
  9  9  29.73 -119.93  0.37E-13
  9  9  29.78 -119.93  0.50E-13
  9  9  29.83 -119.93  0.50E-13
  9  9  29.93 -119.93  0.25E-13
  9  9  29.98 -119.93  0.12E-13
  9  9  30.28 -119.93  0.12E-13
  9  9  30.33 -119.93  0.25E-13
  9  9  29.18 -119.88  0.25E-13
  9  9  29.23 -119.88  0.12E-13
  9  9  29.28 -119.88  0.49E-13
  9  9  29.33 -119.88  0.37E-13
  9  9  29.38 -119.88  0.37E-13
  9  9  29.43 -119.88  0.87E-13
  9  9  29.48 -119.88  0.74E-13
  9  9  29.53 -119.88  0.17E-12
  9  9  29.58 -119.88  0.74E-13
  9  9  29.63 -119.88  0.25E-13
  9  9  29.68 -119.88  0.50E-13
  9  9  29.73 -119.88  0.50E-13
  9  9  29.78 -119.88  0.50E-13
  9  9  29.83 -119.88  0.37E-13
  9  9  29.98 -119.88  0.12E-13
  9  9  30.13 -119.88  0.12E-13
  9  9  30.18 -119.88  0.12E-13
  9  9  28.93 -119.83  0.25E-13
  9  9  28.98 -119.83  0.12E-13
  9  9  29.03 -119.83  0.37E-13
  9  9  29.08 -119.83  0.25E-13
  9  9  29.13 -119.83  0.25E-13
  9  9  29.18 -119.83  0.12E-13
  9  9  29.23 -119.83  0.12E-13
  9  9  29.28 -119.83  0.62E-13
  9  9  29.33 -119.83  0.74E-13
  9  9  29.38 -119.83  0.37E-13
  9  9  29.43 -119.83  0.62E-13
  9  9  29.48 -119.83  0.25E-13
  9  9  29.53 -119.83  0.25E-13
  9  9  29.58 -119.83  0.25E-13
  9  9  29.63 -119.83  0.99E-13
  9  9  29.68 -119.83  0.15E-12
  9  9  29.73 -119.83  0.12E-12
  9  9  29.78 -119.83  0.75E-13
  9  9  29.88 -119.83  0.37E-13
  9  9  29.93 -119.83  0.50E-13
  9  9  29.98 -119.83  0.25E-13
  9  9  30.13 -119.83  0.37E-13
  9  9  30.23 -119.83  0.12E-13
  9  9  30.28 -119.83  0.12E-13
  9  9  29.18 -119.78  0.37E-13
  9  9  29.23 -119.78  0.74E-13
  9  9  29.28 -119.78  0.62E-13
  9  9  29.33 -119.78  0.74E-13
  9  9  29.38 -119.78  0.62E-13
  9  9  29.43 -119.78  0.50E-13
  9  9  29.48 -119.78  0.50E-13
  9  9  29.53 -119.78  0.87E-13
  9  9  29.58 -119.78  0.62E-13
  9  9  29.63 -119.78  0.50E-13
  9  9  29.68 -119.78  0.99E-13
  9  9  29.73 -119.78  0.62E-13
  9  9  29.78 -119.78  0.37E-13
  9  9  29.83 -119.78  0.50E-13
  9  9  28.98 -119.73  0.12E-13
  9  9  29.03 -119.73  0.25E-13
  9  9  29.13 -119.73  0.37E-13
  9  9  29.23 -119.73  0.12E-13
  9  9  29.28 -119.73  0.37E-13
  9  9  29.33 -119.73  0.37E-13
  9  9  29.38 -119.73  0.50E-13
  9  9  29.43 -119.73  0.25E-13
  9  9  29.48 -119.73  0.62E-13
  9  9  29.53 -119.73  0.99E-13
  9  9  29.58 -119.73  0.87E-13
  9  9  29.63 -119.73  0.17E-12
  9  9  29.68 -119.73  0.14E-12
  9  9  29.73 -119.73  0.75E-13
  9  9  29.78 -119.73  0.62E-13
  9  9  29.83 -119.73  0.37E-13
  9  9  29.93 -119.73  0.37E-13
  9  9  29.98 -119.73  0.37E-13
  9  9  30.03 -119.73  0.62E-13
  9  9  30.13 -119.73  0.25E-13
  9  9  29.13 -119.68  0.25E-13
  9  9  29.28 -119.68  0.37E-13
  9  9  29.33 -119.68  0.74E-13
  9  9  29.38 -119.68  0.62E-13
  9  9  29.43 -119.68  0.15E-12
  9  9  29.48 -119.68  0.14E-12
  9  9  29.53 -119.68  0.14E-12
  9  9  29.58 -119.68  0.17E-12
  9  9  29.63 -119.68  0.25E-12
  9  9  29.68 -119.68  0.37E-13
  9  9  29.73 -119.68  0.50E-13
  9  9  29.78 -119.68  0.87E-13
  9  9  29.83 -119.68  0.75E-13
  9  9  29.88 -119.68  0.14E-12
  9  9  29.93 -119.68  0.62E-13
  9  9  29.98 -119.68  0.75E-13
  9  9  30.03 -119.68  0.87E-13
  9  9  30.08 -119.68  0.62E-13
  9  9  29.18 -119.63  0.25E-13
  9  9  29.23 -119.63  0.25E-13
  9  9  29.28 -119.63  0.74E-13
  9  9  29.33 -119.63  0.37E-13
  9  9  29.38 -119.63  0.37E-13
  9  9  29.43 -119.63  0.37E-13
  9  9  29.48 -119.63  0.12E-13
  9  9  29.53 -119.63  0.74E-13
  9  9  29.58 -119.63  0.50E-13
  9  9  29.63 -119.63  0.50E-13
  9  9  29.68 -119.63  0.17E-12
  9  9  29.73 -119.63  0.12E-12
  9  9  29.78 -119.63  0.99E-13
  9  9  29.83 -119.63  0.99E-13
  9  9  29.88 -119.63  0.37E-13
  9  9  29.93 -119.63  0.50E-13
  9  9  29.98 -119.63  0.25E-13
  9  9  30.03 -119.63  0.25E-13
  9  9  30.08 -119.63  0.12E-13
  9  9  29.38 -119.58  0.25E-13
  9  9  29.43 -119.58  0.25E-13
  9  9  29.48 -119.58  0.25E-13
  9  9  29.53 -119.58  0.99E-13
  9  9  29.58 -119.58  0.24E-12
  9  9  29.63 -119.58  0.17E-12
  9  9  29.68 -119.58  0.99E-13
  9  9  29.73 -119.58  0.21E-12
  9  9  29.78 -119.58  0.12E-12
  9  9  29.83 -119.58  0.62E-13
  9  9  29.88 -119.58  0.50E-13
  9  9  29.93 -119.58  0.50E-13
  9  9  29.98 -119.58  0.12E-13
  9  9  30.03 -119.58  0.37E-13
  9  9  30.13 -119.58  0.25E-13
  9  9  29.38 -119.53  0.37E-13
  9  9  29.43 -119.53  0.12E-12
  9  9  29.48 -119.53  0.15E-12
  9  9  29.53 -119.53  0.11E-12
  9  9  29.58 -119.53  0.87E-13
  9  9  29.63 -119.53  0.11E-12
  9  9  29.68 -119.53  0.14E-12
  9  9  29.73 -119.53  0.14E-12
  9  9  29.78 -119.53  0.15E-12
  9  9  29.83 -119.53  0.16E-12
  9  9  29.88 -119.53  0.14E-12
  9  9  29.93 -119.53  0.62E-13
  9  9  29.98 -119.53  0.75E-13
  9  9  30.03 -119.53  0.12E-13
  9  9  30.08 -119.53  0.12E-13
  9  9  30.43 -119.53  0.38E-13
  9  9  29.28 -119.48  0.37E-13
  9  9  29.33 -119.48  0.37E-13
  9  9  29.38 -119.48  0.74E-13
  9  9  29.43 -119.48  0.74E-13
  9  9  29.48 -119.48  0.37E-13
  9  9  29.53 -119.48  0.12E-13
  9  9  29.58 -119.48  0.37E-13
  9  9  29.63 -119.48  0.99E-13
  9  9  29.68 -119.48  0.11E-12
  9  9  29.73 -119.48  0.16E-12
  9  9  29.78 -119.48  0.87E-13
  9  9  29.83 -119.48  0.50E-13
  9  9  29.88 -119.48  0.12E-12
  9  9  29.93 -119.48  0.10E-12
  9  9  29.98 -119.48  0.75E-13
  9  9  30.03 -119.48  0.25E-13
  9  9  30.08 -119.48  0.12E-13
  9  9  30.13 -119.48  0.12E-13
  9  9  30.23 -119.48  0.25E-13
  9  9  29.23 -119.43  0.12E-13
  9  9  29.38 -119.43  0.12E-13
  9  9  29.43 -119.43  0.25E-13
  9  9  29.48 -119.43  0.37E-13
  9  9  29.53 -119.43  0.11E-12
  9  9  29.58 -119.43  0.15E-12
  9  9  29.63 -119.43  0.50E-13
  9  9  29.68 -119.43  0.74E-13
  9  9  29.73 -119.43  0.15E-12
  9  9  29.78 -119.43  0.15E-12
  9  9  29.83 -119.43  0.75E-13
  9  9  29.88 -119.43  0.12E-13
  9  9  29.93 -119.43  0.50E-13
  9  9  29.98 -119.43  0.12E-13
  9  9  30.08 -119.43  0.25E-13
  9  9  30.13 -119.43  0.50E-13
  9  9  30.18 -119.43  0.37E-13
  9  9  30.23 -119.43  0.37E-13
  9  9  29.13 -119.38  0.12E-13
  9  9  29.18 -119.38  0.37E-13
  9  9  29.33 -119.38  0.12E-13
  9  9  29.38 -119.38  0.12E-13
  9  9  29.43 -119.38  0.25E-13
  9  9  29.48 -119.38  0.50E-13
  9  9  29.53 -119.38  0.37E-13
  9  9  29.58 -119.38  0.87E-13
  9  9  29.63 -119.38  0.14E-12
  9  9  29.68 -119.38  0.24E-12
  9  9  29.73 -119.38  0.22E-12
  9  9  29.78 -119.38  0.16E-12
  9  9  29.83 -119.38  0.11E-12
  9  9  29.88 -119.38  0.99E-13
  9  9  29.93 -119.38  0.25E-13
  9  9  29.98 -119.38  0.37E-13
  9  9  30.03 -119.38  0.50E-13
  9  9  30.08 -119.38  0.50E-13
  9  9  30.13 -119.38  0.25E-13
  9  9  30.18 -119.38  0.50E-13
  9  9  30.23 -119.38  0.37E-13
  9  9  30.28 -119.38  0.25E-13
  9  9  30.33 -119.38  0.12E-13
  9  9  29.33 -119.33  0.25E-13
  9  9  29.38 -119.33  0.25E-13
  9  9  29.43 -119.33  0.62E-13
  9  9  29.48 -119.33  0.50E-13
  9  9  29.53 -119.33  0.15E-12
  9  9  29.58 -119.33  0.87E-13
  9  9  29.63 -119.33  0.74E-13
  9  9  29.68 -119.33  0.62E-13
  9  9  29.73 -119.33  0.99E-13
  9  9  29.78 -119.33  0.24E-12
  9  9  29.83 -119.33  0.17E-12
  9  9  29.88 -119.33  0.17E-12
  9  9  29.93 -119.33  0.25E-13
  9  9  29.98 -119.33  0.25E-13
  9  9  30.03 -119.33  0.50E-13
  9  9  30.08 -119.33  0.12E-13
  9  9  30.13 -119.33  0.62E-13
  9  9  30.18 -119.33  0.37E-13
  9  9  30.23 -119.33  0.12E-13
  9  9  29.43 -119.28  0.25E-13
  9  9  29.48 -119.28  0.37E-13
  9  9  29.53 -119.28  0.74E-13
  9  9  29.58 -119.28  0.74E-13
  9  9  29.63 -119.28  0.99E-13
  9  9  29.68 -119.28  0.14E-12
  9  9  29.73 -119.28  0.99E-13
  9  9  29.78 -119.28  0.99E-13
  9  9  29.83 -119.28  0.99E-13
  9  9  29.88 -119.28  0.87E-13
  9  9  29.93 -119.28  0.62E-13
  9  9  29.98 -119.28  0.10E-12
  9  9  30.03 -119.28  0.11E-12
  9  9  30.08 -119.28  0.75E-13
  9  9  30.13 -119.28  0.75E-13
  9  9  30.18 -119.28  0.50E-13
  9  9  30.23 -119.28  0.87E-13
  9  9  30.28 -119.28  0.25E-13
  9  9  30.33 -119.28  0.25E-13
  9  9  29.33 -119.23  0.25E-13
  9  9  29.38 -119.23  0.49E-13
  9  9  29.43 -119.23  0.37E-13
  9  9  29.48 -119.23  0.25E-13
  9  9  29.53 -119.23  0.12E-13
  9  9  29.58 -119.23  0.25E-13
  9  9  29.63 -119.23  0.25E-13
  9  9  29.68 -119.23  0.50E-13
  9  9  29.73 -119.23  0.62E-13
  9  9  29.78 -119.23  0.87E-13
  9  9  29.83 -119.23  0.75E-13
  9  9  29.88 -119.23  0.50E-13
  9  9  29.93 -119.23  0.10E-12
  9  9  29.98 -119.23  0.15E-12
  9  9  30.03 -119.23  0.12E-12
  9  9  30.08 -119.23  0.87E-13
  9  9  30.13 -119.23  0.14E-12
  9  9  30.18 -119.23  0.25E-13
  9  9  30.23 -119.23  0.50E-13
  9  9  30.28 -119.23  0.75E-13
  9  9  30.33 -119.23  0.25E-13
  9  9  30.38 -119.23  0.37E-13
  9  9  29.43 -119.18  0.12E-13
  9  9  29.53 -119.18  0.25E-13
  9  9  29.58 -119.18  0.62E-13
  9  9  29.63 -119.18  0.87E-13
  9  9  29.68 -119.18  0.62E-13
  9  9  29.73 -119.18  0.17E-12
  9  9  29.78 -119.18  0.87E-13
  9  9  29.83 -119.18  0.15E-12
  9  9  29.88 -119.18  0.12E-12
  9  9  29.93 -119.18  0.16E-12
  9  9  29.98 -119.18  0.11E-12
  9  9  30.03 -119.18  0.10E-12
  9  9  30.08 -119.18  0.11E-12
  9  9  30.13 -119.18  0.75E-13
  9  9  30.18 -119.18  0.50E-13
  9  9  30.23 -119.18  0.25E-13
  9  9  30.33 -119.18  0.25E-13
  9  9  30.38 -119.18  0.12E-13
  9  9  29.43 -119.13  0.62E-13
  9  9  29.48 -119.13  0.74E-13
  9  9  29.53 -119.13  0.14E-12
  9  9  29.58 -119.13  0.62E-13
  9  9  29.63 -119.13  0.50E-13
  9  9  29.68 -119.13  0.14E-12
  9  9  29.73 -119.13  0.15E-12
  9  9  29.78 -119.13  0.37E-13
  9  9  29.83 -119.13  0.14E-12
  9  9  29.88 -119.13  0.26E-12
  9  9  29.93 -119.13  0.22E-12
  9  9  29.98 -119.13  0.17E-12
  9  9  30.03 -119.13  0.21E-12
  9  9  30.08 -119.13  0.11E-12
  9  9  30.13 -119.13  0.15E-12
  9  9  30.18 -119.13  0.87E-13
  9  9  30.23 -119.13  0.12E-13
  9  9  30.28 -119.13  0.37E-13
  9  9  30.33 -119.13  0.25E-13
  9  9  30.53 -119.13  0.13E-13
  9  9  30.58 -119.13  0.25E-13
  9  9  29.33 -119.08  0.12E-13
  9  9  29.38 -119.08  0.37E-13
  9  9  29.58 -119.08  0.50E-13
  9  9  29.63 -119.08  0.11E-12
  9  9  29.68 -119.08  0.87E-13
  9  9  29.73 -119.08  0.87E-13
  9  9  29.78 -119.08  0.75E-13
  9  9  29.83 -119.08  0.17E-12
  9  9  29.88 -119.08  0.14E-12
  9  9  29.93 -119.08  0.11E-12
  9  9  29.98 -119.08  0.37E-13
  9  9  30.03 -119.08  0.12E-12
  9  9  30.08 -119.08  0.25E-13
  9  9  30.13 -119.08  0.62E-13
  9  9  30.18 -119.08  0.87E-13
  9  9  30.23 -119.08  0.87E-13
  9  9  30.28 -119.08  0.87E-13
  9  9  30.33 -119.08  0.37E-13
  9  9  30.38 -119.08  0.25E-13
  9  9  30.48 -119.08  0.25E-13
  9  9  30.53 -119.08  0.13E-13
  9  9  29.53 -119.03  0.62E-13
  9  9  29.58 -119.03  0.25E-13
  9  9  29.63 -119.03  0.74E-13
  9  9  29.68 -119.03  0.74E-13
  9  9  29.73 -119.03  0.75E-13
  9  9  29.78 -119.03  0.50E-13
  9  9  29.83 -119.03  0.87E-13
  9  9  29.88 -119.03  0.50E-13
  9  9  29.93 -119.03  0.37E-13
  9  9  29.98 -119.03  0.25E-13
  9  9  30.03 -119.03  0.62E-13
  9  9  30.08 -119.03  0.22E-12
  9  9  30.13 -119.03  0.19E-12
  9  9  30.18 -119.03  0.14E-12
  9  9  30.23 -119.03  0.62E-13
  9  9  30.28 -119.03  0.12E-13
  9  9  30.33 -119.03  0.12E-13
  9  9  30.38 -119.03  0.37E-13
  9  9  30.43 -119.03  0.13E-13
  9  9  30.48 -119.03  0.13E-13
  9  9  29.53 -118.98  0.12E-13
  9  9  29.63 -118.98  0.50E-13
  9  9  29.68 -118.98  0.12E-13
  9  9  29.73 -118.98  0.62E-13
  9  9  29.78 -118.98  0.50E-13
  9  9  29.83 -118.98  0.62E-13
  9  9  29.88 -118.98  0.12E-13
  9  9  29.93 -118.98  0.37E-13
  9  9  29.98 -118.98  0.12E-12
  9  9  30.03 -118.98  0.15E-12
  9  9  30.08 -118.98  0.11E-12
  9  9  30.13 -118.98  0.25E-13
  9  9  30.18 -118.98  0.87E-13
  9  9  30.23 -118.98  0.10E-12
  9  9  30.28 -118.98  0.62E-13
  9  9  30.33 -118.98  0.50E-13
  9  9  30.38 -118.98  0.13E-13
  9  9  30.43 -118.98  0.25E-13
  9  9  30.48 -118.98  0.63E-13
  9  9  30.53 -118.98  0.38E-13
  9  9  30.58 -118.98  0.25E-13
  9  9  30.63 -118.98  0.13E-13
  9  9  29.48 -118.93  0.12E-13
  9  9  29.53 -118.93  0.12E-13
  9  9  29.58 -118.93  0.62E-13
  9  9  29.68 -118.93  0.12E-13
  9  9  29.73 -118.93  0.25E-13
  9  9  29.78 -118.93  0.75E-13
  9  9  29.83 -118.93  0.50E-13
  9  9  29.88 -118.93  0.87E-13
  9  9  29.93 -118.93  0.75E-13
  9  9  29.98 -118.93  0.25E-13
  9  9  30.03 -118.93  0.50E-13
  9  9  30.08 -118.93  0.62E-13
  9  9  30.13 -118.93  0.50E-13
  9  9  30.18 -118.93  0.11E-12
  9  9  30.23 -118.93  0.50E-13
  9  9  30.28 -118.93  0.37E-13
  9  9  30.33 -118.93  0.87E-13
  9  9  30.38 -118.93  0.16E-12
  9  9  30.43 -118.93  0.75E-13
  9  9  30.48 -118.93  0.50E-13
  9  9  30.53 -118.93  0.13E-13
  9  9  29.58 -118.88  0.12E-13
  9  9  29.63 -118.88  0.25E-13
  9  9  29.68 -118.88  0.12E-13
  9  9  29.73 -118.88  0.37E-13
  9  9  29.78 -118.88  0.37E-13
  9  9  29.83 -118.88  0.37E-13
  9  9  29.88 -118.88  0.25E-13
  9  9  29.93 -118.88  0.62E-13
  9  9  29.98 -118.88  0.25E-13
  9  9  30.03 -118.88  0.75E-13
  9  9  30.08 -118.88  0.50E-13
  9  9  30.13 -118.88  0.75E-13
  9  9  30.18 -118.88  0.37E-13
  9  9  30.23 -118.88  0.10E-12
  9  9  30.28 -118.88  0.37E-13
  9  9  30.33 -118.88  0.10E-12
  9  9  30.38 -118.88  0.14E-12
  9  9  30.43 -118.88  0.38E-13
  9  9  30.48 -118.88  0.13E-13
  9  9  30.53 -118.88  0.25E-13
  9  9  30.58 -118.88  0.38E-13
  9  9  30.63 -118.88  0.38E-13
  9  9  30.78 -118.88  0.13E-13
  9  9  29.63 -118.83  0.25E-13
  9  9  29.68 -118.83  0.50E-13
  9  9  29.73 -118.83  0.37E-13
  9  9  29.78 -118.83  0.37E-13
  9  9  29.88 -118.83  0.12E-13
  9  9  30.03 -118.83  0.12E-13
  9  9  30.13 -118.83  0.37E-13
  9  9  30.18 -118.83  0.87E-13
  9  9  30.23 -118.83  0.50E-13
  9  9  30.28 -118.83  0.50E-13
  9  9  30.33 -118.83  0.12E-13
  9  9  30.38 -118.83  0.25E-13
  9  9  30.48 -118.83  0.88E-13
  9  9  30.53 -118.83  0.63E-13
  9  9  30.58 -118.83  0.50E-13
  9  9  30.63 -118.83  0.38E-13
  9  9  30.68 -118.83  0.63E-13
  9  9  30.73 -118.83  0.25E-13
  9  9  30.88 -118.83  0.13E-13
  9  9  29.83 -118.78  0.12E-13
  9  9  29.88 -118.78  0.25E-13
  9  9  30.03 -118.78  0.25E-13
  9  9  30.08 -118.78  0.37E-13
  9  9  30.23 -118.78  0.37E-13
  9  9  30.28 -118.78  0.12E-13
  9  9  30.38 -118.78  0.38E-13
  9  9  30.43 -118.78  0.15E-12
  9  9  30.48 -118.78  0.10E-12
  9  9  30.53 -118.78  0.38E-13
  9  9  30.58 -118.78  0.13E-13
  9  9  30.63 -118.78  0.25E-13
  9  9  30.68 -118.78  0.25E-13
  9  9  30.73 -118.78  0.13E-13
  9  9  30.78 -118.78  0.13E-13
  9  9  30.83 -118.78  0.63E-13
  9  9  30.88 -118.78  0.13E-13
  9  9  29.88 -118.73  0.25E-13
  9  9  29.93 -118.73  0.37E-13
  9  9  29.98 -118.73  0.12E-13
  9  9  30.03 -118.73  0.37E-13
  9  9  30.08 -118.73  0.25E-13
  9  9  30.13 -118.73  0.12E-13
  9  9  30.18 -118.73  0.12E-13
  9  9  30.23 -118.73  0.25E-13
  9  9  30.33 -118.73  0.12E-13
  9  9  30.38 -118.73  0.25E-13
  9  9  30.43 -118.73  0.25E-13
  9  9  30.48 -118.73  0.25E-13
  9  9  30.53 -118.73  0.38E-13
  9  9  30.58 -118.73  0.50E-13
  9  9  30.63 -118.73  0.38E-13
  9  9  30.68 -118.73  0.38E-13
  9  9  30.73 -118.73  0.75E-13
  9  9  30.78 -118.73  0.38E-13
  9  9  29.83 -118.68  0.12E-13
  9  9  29.88 -118.68  0.25E-13
  9  9  29.93 -118.68  0.12E-13
  9  9  30.08 -118.68  0.25E-13
  9  9  30.28 -118.68  0.37E-13
  9  9  30.33 -118.68  0.37E-13
  9  9  30.38 -118.68  0.25E-13
  9  9  30.43 -118.68  0.38E-13
  9  9  30.48 -118.68  0.38E-13
  9  9  30.53 -118.68  0.50E-13
  9  9  30.58 -118.68  0.13E-13
  9  9  30.63 -118.68  0.13E-13
  9  9  30.68 -118.68  0.38E-13
  9  9  30.73 -118.68  0.25E-13
  9  9  30.13 -118.63  0.12E-13
  9  9  30.18 -118.63  0.12E-13
  9  9  30.38 -118.63  0.12E-13
  9  9  30.43 -118.63  0.13E-13
  9  9  30.48 -118.63  0.63E-13
  9  9  30.53 -118.63  0.25E-13
  9  9  30.58 -118.63  0.25E-13
  9  9  30.63 -118.63  0.63E-13
  9  9  30.68 -118.63  0.75E-13
  9  9  30.83 -118.63  0.13E-13
  9  9  30.33 -118.58  0.25E-13
  9  9  30.38 -118.58  0.12E-13
  9  9  30.43 -118.58  0.25E-13
  9  9  30.48 -118.58  0.63E-13
  9  9  30.53 -118.58  0.63E-13
  9  9  30.58 -118.58  0.75E-13
  9  9  30.63 -118.58  0.75E-13
  9  9  30.68 -118.58  0.75E-13
  9  9  30.73 -118.58  0.13E-13
  9  9  30.78 -118.58  0.25E-13
  9  9  30.83 -118.58  0.88E-13
  9  9  30.88 -118.58  0.25E-13
  9  9  29.93 -118.53  0.25E-13
  9  9  29.98 -118.53  0.37E-13
  9  9  30.03 -118.53  0.12E-13
  9  9  30.38 -118.53  0.50E-13
  9  9  30.43 -118.53  0.10E-12
  9  9  30.48 -118.53  0.38E-13
  9  9  30.53 -118.53  0.63E-13
  9  9  30.58 -118.53  0.38E-13
  9  9  30.63 -118.53  0.63E-13
  9  9  30.68 -118.53  0.50E-13
  9  9  30.73 -118.53  0.25E-13
  9  9  30.78 -118.53  0.38E-13
  9  9  30.83 -118.53  0.25E-13
  9  9  29.88 -118.48  0.25E-13
  9  9  30.28 -118.48  0.12E-13
  9  9  30.43 -118.48  0.63E-13
  9  9  30.48 -118.48  0.10E-12
  9  9  30.53 -118.48  0.63E-13
  9  9  30.58 -118.48  0.50E-13
  9  9  30.63 -118.48  0.63E-13
  9  9  30.68 -118.48  0.75E-13
  9  9  30.78 -118.48  0.25E-13
  9  9  30.83 -118.48  0.13E-13
  9  9  30.93 -118.48  0.13E-13
  9  9  30.98 -118.48  0.50E-13
  9  9  31.03 -118.48  0.63E-13
  9  9  31.08 -118.48  0.25E-13
  9  9  31.13 -118.48  0.13E-13
  9  9  30.23 -118.43  0.12E-13
  9  9  30.28 -118.43  0.12E-13
  9  9  30.38 -118.43  0.37E-13
  9  9  30.43 -118.43  0.13E-13
  9  9  30.53 -118.43  0.13E-13
  9  9  30.58 -118.43  0.38E-13
  9  9  30.63 -118.43  0.50E-13
  9  9  30.68 -118.43  0.38E-13
  9  9  30.73 -118.43  0.63E-13
  9  9  30.78 -118.43  0.13E-13
  9  9  30.83 -118.43  0.63E-13
  9  9  30.88 -118.43  0.88E-13
  9  9  30.93 -118.43  0.88E-13
  9  9  30.98 -118.43  0.50E-13
  9  9  31.03 -118.43  0.88E-13
  9  9  31.08 -118.43  0.50E-13
  9  9  30.43 -118.38  0.13E-13
  9  9  30.48 -118.38  0.13E-13
  9  9  30.53 -118.38  0.25E-13
  9  9  30.58 -118.38  0.63E-13
  9  9  30.63 -118.38  0.25E-13
  9  9  30.68 -118.38  0.38E-13
  9  9  30.73 -118.38  0.13E-13
  9  9  30.78 -118.38  0.10E-12
  9  9  30.83 -118.38  0.10E-12
  9  9  30.88 -118.38  0.88E-13
  9  9  30.93 -118.38  0.38E-13
  9  9  30.98 -118.38  0.38E-13
  9  9  31.03 -118.38  0.50E-13
  9  9  30.33 -118.33  0.12E-13
  9  9  30.43 -118.33  0.25E-13
  9  9  30.48 -118.33  0.13E-13
  9  9  30.53 -118.33  0.25E-13
  9  9  30.63 -118.33  0.63E-13
  9  9  30.68 -118.33  0.13E-13
  9  9  30.73 -118.33  0.75E-13
  9  9  30.78 -118.33  0.63E-13
  9  9  30.83 -118.33  0.38E-13
  9  9  30.88 -118.33  0.25E-13
  9  9  30.93 -118.33  0.13E-13
  9  9  30.98 -118.33  0.38E-13
  9  9  31.08 -118.33  0.38E-13
  9  9  31.13 -118.33  0.25E-13
  9  9  31.23 -118.33  0.25E-13
  9  9  30.28 -118.28  0.12E-13
  9  9  30.33 -118.28  0.25E-13
  9  9  30.53 -118.28  0.13E-13
  9  9  30.63 -118.28  0.38E-13
  9  9  30.68 -118.28  0.25E-13
  9  9  30.78 -118.28  0.25E-13
  9  9  30.83 -118.28  0.13E-13
  9  9  30.88 -118.28  0.25E-13
  9  9  30.93 -118.28  0.38E-13
  9  9  31.03 -118.28  0.50E-13
  9  9  31.13 -118.28  0.13E-13
  9  9  31.18 -118.28  0.50E-13
  9  9  31.23 -118.28  0.25E-13
  9  9  30.08 -118.23  0.12E-13
  9  9  30.13 -118.23  0.25E-13
  9  9  30.18 -118.23  0.12E-13
  9  9  30.33 -118.23  0.37E-13
  9  9  30.38 -118.23  0.25E-13
  9  9  30.78 -118.23  0.25E-13
  9  9  30.83 -118.23  0.38E-13
  9  9  30.88 -118.23  0.63E-13
  9  9  30.93 -118.23  0.13E-13
  9  9  30.98 -118.23  0.38E-13
  9  9  31.08 -118.23  0.38E-13
  9  9  31.13 -118.23  0.13E-12
  9  9  31.18 -118.23  0.13E-13
  9  9  31.33 -118.23  0.13E-13
  9  9  31.38 -118.23  0.13E-13
  9  9  30.23 -118.18  0.12E-13
  9  9  30.28 -118.18  0.37E-13
  9  9  30.58 -118.18  0.13E-13
  9  9  30.63 -118.18  0.13E-13
  9  9  30.73 -118.18  0.13E-13
  9  9  30.78 -118.18  0.38E-13
  9  9  30.83 -118.18  0.25E-13
  9  9  30.88 -118.18  0.13E-13
  9  9  30.98 -118.18  0.25E-13
  9  9  31.08 -118.18  0.25E-13
  9  9  31.28 -118.18  0.38E-13
  9  9  31.33 -118.18  0.76E-13
  9  9  30.53 -118.13  0.13E-13
  9  9  30.93 -118.13  0.13E-13
  9  9  31.18 -118.13  0.25E-13
  9  9  31.23 -118.13  0.88E-13
  9  9  31.28 -118.13  0.13E-12
  9  9  31.33 -118.13  0.25E-13
  9  9  31.48 -118.13  0.13E-13
  9  9  31.53 -118.13  0.25E-13
  9  9  31.68 -118.13  0.25E-13
  9  9  30.68 -118.08  0.25E-13
  9  9  30.73 -118.08  0.13E-13
  9  9  30.98 -118.08  0.25E-13
  9  9  31.03 -118.08  0.76E-13
  9  9  31.08 -118.08  0.13E-13
  9  9  31.13 -118.08  0.50E-13
  9  9  31.18 -118.08  0.88E-13
  9  9  31.23 -118.08  0.20E-12
  9  9  31.28 -118.08  0.13E-13
  9  9  31.43 -118.08  0.13E-13
  9  9  31.48 -118.08  0.51E-13
  9  9  31.53 -118.08  0.63E-13
  9  9  31.58 -118.08  0.63E-13
  9  9  31.63 -118.08  0.63E-13
  9  9  31.68 -118.08  0.25E-13
  9  9  31.83 -118.08  0.13E-13
  9  9  30.58 -118.03  0.25E-13
  9  9  30.63 -118.03  0.38E-13
  9  9  30.93 -118.03  0.25E-13
  9  9  30.98 -118.03  0.50E-13
  9  9  31.08 -118.03  0.38E-13
  9  9  31.13 -118.03  0.13E-12
  9  9  31.18 -118.03  0.15E-12
  9  9  31.23 -118.03  0.38E-13
  9  9  31.28 -118.03  0.25E-13
  9  9  31.33 -118.03  0.13E-13
  9  9  31.38 -118.03  0.13E-13
  9  9  31.43 -118.03  0.51E-13
  9  9  31.48 -118.03  0.89E-13
  9  9  31.53 -118.03  0.63E-13
  9  9  31.58 -118.03  0.63E-13
  9  9  31.63 -118.03  0.25E-13
  9  9  31.78 -118.03  0.38E-13
  9  9  31.83 -118.03  0.13E-13
  9  9  31.03 -117.98  0.38E-13
  9  9  31.08 -117.98  0.11E-12
  9  9  31.13 -117.98  0.88E-13
  9  9  31.18 -117.98  0.38E-13
  9  9  31.23 -117.98  0.25E-13
  9  9  31.28 -117.98  0.50E-13
  9  9  31.38 -117.98  0.13E-13
  9  9  31.43 -117.98  0.38E-13
  9  9  31.48 -117.98  0.89E-13
  9  9  31.53 -117.98  0.51E-13
  9  9  31.58 -117.98  0.25E-13
  9  9  31.73 -117.98  0.25E-13
  9  9  31.78 -117.98  0.13E-13
  9  9  30.73 -117.93  0.25E-13
  9  9  31.03 -117.93  0.25E-13
  9  9  31.08 -117.93  0.13E-13
  9  9  31.13 -117.93  0.76E-13
  9  9  31.23 -117.93  0.38E-13
  9  9  31.28 -117.93  0.63E-13
  9  9  31.33 -117.93  0.13E-13
  9  9  31.38 -117.93  0.25E-13
  9  9  31.43 -117.93  0.25E-13
  9  9  31.48 -117.93  0.25E-13
  9  9  31.53 -117.93  0.13E-13
  9  9  31.58 -117.93  0.25E-13
  9  9  31.63 -117.93  0.38E-13
  9  9  31.03 -117.88  0.13E-13
  9  9  31.08 -117.88  0.50E-13
  9  9  31.13 -117.88  0.38E-13
  9  9  31.18 -117.88  0.38E-13
  9  9  31.23 -117.88  0.25E-13
  9  9  31.33 -117.88  0.38E-13
  9  9  31.43 -117.88  0.25E-13
  9  9  31.48 -117.88  0.51E-13
  9  9  31.53 -117.88  0.76E-13
  9  9  31.58 -117.88  0.63E-13
  9  9  31.68 -117.88  0.13E-13
  9  9  31.73 -117.88  0.51E-13
  9  9  31.03 -117.83  0.25E-13
  9  9  31.18 -117.83  0.25E-13
  9  9  31.28 -117.83  0.25E-13
  9  9  31.33 -117.83  0.38E-13
  9  9  31.38 -117.83  0.13E-13
  9  9  31.43 -117.83  0.13E-12
  9  9  31.48 -117.83  0.89E-13
  9  9  31.53 -117.83  0.38E-13
  9  9  31.58 -117.83  0.25E-13
  9  9  31.63 -117.83  0.38E-13
  9  9  31.68 -117.83  0.63E-13
  9  9  31.93 -117.83  0.13E-13
  9  9  32.03 -117.83  0.13E-13
  9  9  31.13 -117.78  0.13E-13
  9  9  31.18 -117.78  0.25E-13
  9  9  31.23 -117.78  0.25E-13
  9  9  31.28 -117.78  0.38E-13
  9  9  31.33 -117.78  0.13E-13
  9  9  31.38 -117.78  0.10E-12
  9  9  31.43 -117.78  0.51E-13
  9  9  31.48 -117.78  0.13E-13
  9  9  31.53 -117.78  0.11E-12
  9  9  31.58 -117.78  0.38E-13
  9  9  31.63 -117.78  0.76E-13
  9  9  31.68 -117.78  0.25E-13
  9  9  31.88 -117.78  0.63E-13
  9  9  31.93 -117.78  0.25E-13
  9  9  31.98 -117.78  0.64E-13
  9  9  32.13 -117.78  0.38E-13
  9  9  31.08 -117.73  0.13E-13
  9  9  31.18 -117.73  0.25E-13
  9  9  31.23 -117.73  0.13E-13
  9  9  31.28 -117.73  0.13E-13
  9  9  31.33 -117.73  0.88E-13
  9  9  31.38 -117.73  0.13E-13
  9  9  31.43 -117.73  0.13E-13
  9  9  31.48 -117.73  0.10E-12
  9  9  31.53 -117.73  0.25E-13
  9  9  31.58 -117.73  0.89E-13
  9  9  31.63 -117.73  0.38E-13
  9  9  31.83 -117.73  0.76E-13
  9  9  31.88 -117.73  0.13E-13
  9  9  31.93 -117.73  0.38E-13
  9  9  32.08 -117.73  0.64E-13
  9  9  32.13 -117.73  0.25E-13
  9  9  32.23 -117.73  0.38E-13
  9  9  31.28 -117.68  0.50E-13
  9  9  32.03 -117.68  0.13E-13
  9  9  32.08 -117.68  0.13E-13
  9  9  32.18 -117.68  0.64E-13
  9  9  32.23 -117.68  0.51E-13
  9  9  32.08 -117.63  0.10E-12
  9  9  32.13 -117.63  0.64E-13
  9  9  32.18 -117.63  0.64E-13
  9  9  32.23 -117.63  0.13E-13
  9  9  32.03 -117.58  0.25E-13
