DAY HR    LAT     LON TEST00100
  9  5  31.13 -123.13  0.30E-13
  9  5  31.18 -123.13  0.30E-13
  9  5  30.73 -123.08  0.20E-13
  9  5  30.78 -123.03  0.10E-13
  9  5  30.43 -122.78  0.10E-13
  9  5  30.48 -122.73  0.20E-13
  9  5  30.73 -122.58  0.40E-13
  9  5  30.78 -122.58  0.20E-13
  9  5  30.78 -122.53  0.10E-13
  9  5  30.68 -122.43  0.10E-13
  9  5  30.73 -122.43  0.10E-13
  9  5  30.78 -122.43  0.30E-13
  9  5  30.93 -122.38  0.20E-13
  9  5  31.13 -122.38  0.10E-13
  9  5  30.48 -122.33  0.20E-13
  9  5  30.78 -122.33  0.10E-13
  9  5  31.13 -122.33  0.30E-13
  9  5  31.18 -122.33  0.10E-13
  9  5  30.53 -122.28  0.10E-13
  9  5  30.83 -122.28  0.10E-13
  9  5  30.88 -122.28  0.20E-13
  9  5  30.43 -122.23  0.20E-13
  9  5  30.63 -122.23  0.30E-13
  9  5  30.88 -122.23  0.20E-13
  9  5  30.68 -122.18  0.20E-13
  9  5  30.73 -122.18  0.30E-13
  9  5  30.78 -122.18  0.30E-13
  9  5  30.83 -122.13  0.20E-13
  9  5  30.88 -122.13  0.30E-13
  9  5  30.33 -122.08  0.10E-13
  9  5  30.38 -122.08  0.10E-13
  9  5  30.58 -122.08  0.10E-13
  9  5  30.43 -122.03  0.20E-13
  9  5  30.48 -122.03  0.20E-13
  9  5  30.58 -122.03  0.10E-13
  9  5  30.38 -121.98  0.10E-13
  9  5  30.53 -121.98  0.10E-13
  9  5  30.58 -121.98  0.20E-13
  9  5  31.03 -121.98  0.20E-13
  9  5  30.38 -121.93  0.20E-13
  9  5  30.53 -121.93  0.30E-13
  9  5  30.13 -121.88  0.20E-13
  9  5  30.18 -121.88  0.10E-13
  9  5  30.28 -121.88  0.30E-13
  9  5  30.33 -121.88  0.40E-13
  9  5  30.38 -121.88  0.30E-13
  9  5  30.53 -121.88  0.10E-13
  9  5  30.58 -121.88  0.20E-13
  9  5  30.78 -121.88  0.10E-13
  9  5  30.38 -121.83  0.30E-13
  9  5  30.43 -121.83  0.10E-13
  9  5  30.48 -121.83  0.10E-13
  9  5  30.53 -121.83  0.30E-13
  9  5  30.58 -121.83  0.10E-13
  9  5  30.78 -121.83  0.40E-13
  9  5  30.83 -121.83  0.20E-13
  9  5  30.88 -121.83  0.30E-13
  9  5  30.93 -121.83  0.20E-13
  9  5  30.58 -121.78  0.20E-13
  9  5  30.33 -121.68  0.20E-13
  9  5  30.38 -121.68  0.10E-13
  9  5  30.48 -121.63  0.30E-13
  9  5  30.53 -121.63  0.10E-13
  9  5  30.33 -121.58  0.30E-13
  9  5  30.38 -121.58  0.20E-13
  9  5  30.48 -121.58  0.10E-13
  9  5  30.53 -121.58  0.40E-13
  9  5  30.93 -121.58  0.20E-13
  9  5  31.03 -121.58  0.10E-13
  9  5  31.08 -121.58  0.20E-13
  9  5  30.53 -121.53  0.20E-13
  9  5  30.58 -121.53  0.30E-13
  9  5  30.63 -121.53  0.40E-13
  9  5  30.68 -121.53  0.10E-13
  9  5  30.63 -121.48  0.20E-13
  9  5  30.68 -121.48  0.20E-13
  9  5  30.63 -121.43  0.20E-13
  9  5  30.68 -121.43  0.20E-13
  9  5  30.73 -121.43  0.40E-13
  9  5  30.78 -121.38  0.10E-13
  9  5  30.38 -121.33  0.10E-13
  9  5  30.43 -121.33  0.10E-13
  9  5  30.63 -121.33  0.10E-13
  9  5  30.68 -121.33  0.20E-13
  9  5  30.43 -121.28  0.30E-13
  9  5  30.48 -121.28  0.20E-13
  9  5  30.53 -121.28  0.20E-13
  9  5  30.68 -121.28  0.20E-13
  9  5  30.73 -121.28  0.20E-13
  9  5  30.08 -121.23  0.20E-13
  9  5  30.63 -121.23  0.10E-13
  9  5  30.68 -121.23  0.40E-13
  9  5  30.98 -121.23  0.30E-13
  9  5  30.68 -121.18  0.20E-13
  9  5  30.73 -121.18  0.40E-13
  9  5  30.78 -121.18  0.30E-13
  9  5  30.33 -121.13  0.40E-13
  9  5  30.38 -121.13  0.40E-13
  9  5  30.73 -121.13  0.20E-13
  9  5  30.78 -121.13  0.30E-13
  9  5  30.83 -121.13  0.10E-13
  9  5  30.18 -121.08  0.20E-13
  9  5  30.23 -121.08  0.10E-13
  9  5  30.48 -121.08  0.10E-13
  9  5  30.03 -121.03  0.10E-13
  9  5  30.08 -121.03  0.10E-13
  9  5  30.23 -121.03  0.30E-13
  9  5  30.43 -121.03  0.10E-13
  9  5  29.68 -120.98  0.30E-13
  9  5  29.73 -120.98  0.99E-14
  9  5  30.08 -120.98  0.10E-13
  9  5  30.13 -120.98  0.20E-13
  9  5  30.18 -120.98  0.10E-13
  9  5  30.23 -120.98  0.40E-13
  9  5  30.28 -120.98  0.10E-13
  9  5  30.33 -120.98  0.40E-13
  9  5  30.38 -120.98  0.20E-13
  9  5  30.43 -120.98  0.30E-13
  9  5  30.58 -120.98  0.10E-13
  9  5  30.63 -120.98  0.10E-13
  9  5  30.28 -120.93  0.30E-13
  9  5  30.33 -120.93  0.40E-13
  9  5  30.38 -120.93  0.60E-13
  9  5  30.43 -120.93  0.30E-13
  9  5  30.48 -120.93  0.20E-13
  9  5  30.08 -120.88  0.20E-13
  9  5  30.13 -120.88  0.10E-13
  9  5  30.23 -120.88  0.10E-13
  9  5  30.28 -120.88  0.20E-13
  9  5  30.38 -120.88  0.40E-13
  9  5  30.43 -120.88  0.60E-13
  9  5  30.48 -120.88  0.10E-12
  9  5  30.53 -120.88  0.60E-13
  9  5  30.58 -120.88  0.10E-13
  9  5  29.98 -120.83  0.40E-13
  9  5  30.03 -120.83  0.30E-13
  9  5  30.18 -120.83  0.20E-13
  9  5  30.23 -120.83  0.30E-13
  9  5  30.28 -120.83  0.30E-13
  9  5  30.33 -120.83  0.40E-13
  9  5  30.38 -120.83  0.30E-13
  9  5  30.58 -120.83  0.20E-13
  9  5  29.98 -120.78  0.10E-13
  9  5  30.03 -120.78  0.20E-13
  9  5  30.08 -120.78  0.10E-13
  9  5  30.13 -120.78  0.20E-13
  9  5  30.18 -120.78  0.20E-13
  9  5  30.23 -120.78  0.10E-13
  9  5  30.28 -120.78  0.10E-13
  9  5  30.33 -120.78  0.10E-13
  9  5  30.38 -120.78  0.20E-13
  9  5  30.48 -120.78  0.30E-13
  9  5  30.58 -120.78  0.20E-13
  9  5  30.63 -120.78  0.20E-13
  9  5  30.68 -120.78  0.40E-13
  9  5  30.73 -120.78  0.10E-13
  9  5  30.13 -120.73  0.30E-13
  9  5  30.38 -120.73  0.10E-13
  9  5  30.43 -120.73  0.10E-13
  9  5  30.48 -120.73  0.10E-13
  9  5  30.58 -120.73  0.20E-13
  9  5  30.63 -120.73  0.40E-13
  9  5  30.68 -120.73  0.60E-13
  9  5  30.73 -120.73  0.80E-13
  9  5  30.78 -120.73  0.80E-13
  9  5  30.28 -120.68  0.30E-13
  9  5  30.33 -120.68  0.40E-13
  9  5  30.38 -120.68  0.10E-13
  9  5  30.43 -120.68  0.20E-13
  9  5  30.53 -120.68  0.10E-13
  9  5  30.88 -120.68  0.20E-13
  9  5  31.03 -120.68  0.10E-13
  9  5  31.08 -120.68  0.40E-13
  9  5  30.28 -120.63  0.20E-13
  9  5  30.33 -120.63  0.10E-13
  9  5  30.38 -120.63  0.10E-13
  9  5  30.43 -120.63  0.50E-13
  9  5  30.48 -120.63  0.40E-13
  9  5  30.53 -120.63  0.10E-13
  9  5  30.58 -120.63  0.20E-13
  9  5  30.63 -120.63  0.30E-13
  9  5  30.68 -120.63  0.10E-13
  9  5  30.73 -120.63  0.20E-13
  9  5  30.33 -120.58  0.40E-13
  9  5  30.38 -120.58  0.20E-13
  9  5  30.48 -120.58  0.20E-13
  9  5  30.53 -120.58  0.60E-13
  9  5  30.58 -120.58  0.40E-13
  9  5  30.63 -120.58  0.20E-13
  9  5  30.78 -120.58  0.10E-13
  9  5  30.83 -120.58  0.40E-13
  9  5  30.88 -120.58  0.30E-13
  9  5  30.93 -120.58  0.10E-13
  9  5  30.18 -120.53  0.10E-13
  9  5  30.23 -120.53  0.70E-13
  9  5  30.28 -120.53  0.60E-13
  9  5  30.33 -120.53  0.50E-13
  9  5  30.43 -120.53  0.20E-13
  9  5  30.53 -120.53  0.20E-13
  9  5  30.58 -120.53  0.40E-13
  9  5  30.63 -120.53  0.50E-13
  9  5  30.68 -120.53  0.40E-13
  9  5  30.88 -120.53  0.20E-13
  9  5  30.18 -120.48  0.10E-13
  9  5  30.38 -120.48  0.10E-13
  9  5  30.43 -120.48  0.10E-13
  9  5  30.53 -120.48  0.20E-13
  9  5  30.68 -120.48  0.10E-13
  9  5  30.73 -120.48  0.20E-13
  9  5  30.78 -120.48  0.10E-13
  9  5  29.83 -120.43  0.20E-13
  9  5  29.88 -120.43  0.30E-13
  9  5  29.93 -120.43  0.10E-13
  9  5  29.98 -120.43  0.20E-13
  9  5  30.03 -120.43  0.30E-13
  9  5  30.08 -120.43  0.30E-13
  9  5  30.13 -120.43  0.20E-13
  9  5  30.18 -120.43  0.10E-13
  9  5  30.23 -120.43  0.30E-13
  9  5  30.53 -120.43  0.10E-13
  9  5  30.63 -120.43  0.20E-13
  9  5  30.78 -120.43  0.20E-13
  9  5  30.83 -120.43  0.10E-13
  9  5  31.18 -120.43  0.30E-13
  9  5  31.23 -120.43  0.20E-13
  9  5  30.08 -120.38  0.10E-13
  9  5  30.13 -120.38  0.20E-13
  9  5  30.18 -120.38  0.10E-13
  9  5  30.28 -120.38  0.20E-13
  9  5  30.33 -120.38  0.40E-13
  9  5  30.38 -120.38  0.40E-13
  9  5  30.53 -120.38  0.20E-13
  9  5  30.58 -120.38  0.10E-13
  9  5  31.08 -120.38  0.50E-13
  9  5  31.13 -120.38  0.40E-13
  9  5  31.18 -120.38  0.20E-13
  9  5  31.23 -120.38  0.40E-13
  9  5  31.28 -120.38  0.30E-13
  9  5  29.83 -120.33  0.20E-13
  9  5  29.88 -120.33  0.99E-14
  9  5  30.13 -120.33  0.10E-13
  9  5  30.23 -120.33  0.20E-13
  9  5  30.28 -120.33  0.20E-13
  9  5  30.38 -120.33  0.30E-13
  9  5  30.43 -120.33  0.20E-13
  9  5  30.48 -120.33  0.20E-13
  9  5  30.53 -120.33  0.60E-13
  9  5  30.58 -120.33  0.30E-13
  9  5  30.63 -120.33  0.30E-13
  9  5  30.68 -120.33  0.20E-13
  9  5  30.73 -120.33  0.20E-13
  9  5  30.18 -120.28  0.10E-13
  9  5  30.38 -120.28  0.10E-13
  9  5  30.43 -120.28  0.10E-13
  9  5  30.48 -120.28  0.10E-13
  9  5  30.53 -120.28  0.30E-13
  9  5  30.58 -120.28  0.30E-13
  9  5  30.63 -120.28  0.60E-13
  9  5  30.68 -120.28  0.60E-13
  9  5  30.73 -120.28  0.30E-13
  9  5  30.78 -120.28  0.40E-13
  9  5  30.83 -120.28  0.30E-13
  9  5  30.88 -120.28  0.10E-13
  9  5  30.98 -120.28  0.10E-13
  9  5  30.03 -120.23  0.30E-13
  9  5  30.08 -120.23  0.30E-13
  9  5  30.13 -120.23  0.30E-13
  9  5  30.18 -120.23  0.10E-13
  9  5  30.23 -120.23  0.20E-13
  9  5  30.33 -120.23  0.30E-13
  9  5  30.38 -120.23  0.30E-13
  9  5  30.43 -120.23  0.10E-13
  9  5  30.48 -120.23  0.30E-13
  9  5  30.58 -120.23  0.30E-13
  9  5  30.63 -120.23  0.10E-13
  9  5  30.73 -120.23  0.10E-13
  9  5  30.78 -120.23  0.10E-13
  9  5  30.88 -120.23  0.10E-13
  9  5  30.98 -120.23  0.10E-13
  9  5  31.03 -120.23  0.10E-13
  9  5  30.28 -120.18  0.10E-13
  9  5  30.38 -120.18  0.80E-13
  9  5  30.43 -120.18  0.60E-13
  9  5  30.48 -120.18  0.50E-13
  9  5  30.53 -120.18  0.80E-13
  9  5  30.58 -120.18  0.10E-13
  9  5  30.63 -120.18  0.30E-13
  9  5  30.68 -120.18  0.40E-13
  9  5  30.73 -120.18  0.30E-13
  9  5  30.78 -120.18  0.50E-13
  9  5  30.83 -120.18  0.40E-13
  9  5  30.88 -120.18  0.20E-13
  9  5  29.98 -120.13  0.20E-13
  9  5  30.03 -120.13  0.50E-13
  9  5  30.08 -120.13  0.40E-13
  9  5  30.13 -120.13  0.20E-13
  9  5  30.18 -120.13  0.20E-13
  9  5  30.23 -120.13  0.80E-13
  9  5  30.28 -120.13  0.50E-13
  9  5  30.33 -120.13  0.50E-13
  9  5  30.38 -120.13  0.60E-13
  9  5  30.43 -120.13  0.90E-13
  9  5  30.48 -120.13  0.60E-13
  9  5  30.53 -120.13  0.30E-13
  9  5  30.58 -120.13  0.30E-13
  9  5  30.63 -120.13  0.20E-13
  9  5  30.68 -120.13  0.60E-13
  9  5  30.73 -120.13  0.50E-13
  9  5  30.93 -120.13  0.10E-13
  9  5  30.98 -120.13  0.30E-13
  9  5  31.03 -120.13  0.40E-13
  9  5  31.08 -120.13  0.30E-13
  9  5  31.13 -120.13  0.40E-13
  9  5  30.28 -120.08  0.10E-13
  9  5  30.33 -120.08  0.11E-12
  9  5  30.38 -120.08  0.60E-13
  9  5  30.43 -120.08  0.90E-13
  9  5  30.48 -120.08  0.80E-13
  9  5  30.53 -120.08  0.90E-13
  9  5  30.58 -120.08  0.40E-13
  9  5  30.63 -120.08  0.60E-13
  9  5  30.68 -120.08  0.60E-13
  9  5  30.73 -120.08  0.70E-13
  9  5  30.78 -120.08  0.40E-13
  9  5  30.83 -120.08  0.50E-13
  9  5  30.88 -120.08  0.40E-13
  9  5  30.93 -120.08  0.40E-13
  9  5  30.08 -120.03  0.10E-13
  9  5  30.13 -120.03  0.60E-13
  9  5  30.18 -120.03  0.60E-13
  9  5  30.23 -120.03  0.10E-13
  9  5  30.28 -120.03  0.10E-13
  9  5  30.33 -120.03  0.30E-13
  9  5  30.38 -120.03  0.30E-13
  9  5  30.43 -120.03  0.80E-13
  9  5  30.48 -120.03  0.60E-13
  9  5  30.53 -120.03  0.90E-13
  9  5  30.58 -120.03  0.70E-13
  9  5  30.63 -120.03  0.12E-12
  9  5  30.68 -120.03  0.11E-12
  9  5  30.73 -120.03  0.11E-12
  9  5  30.78 -120.03  0.50E-13
  9  5  30.83 -120.03  0.40E-13
  9  5  30.88 -120.03  0.30E-13
  9  5  30.93 -120.03  0.10E-13
  9  5  30.98 -120.03  0.10E-13
  9  5  31.03 -120.03  0.30E-13
  9  5  30.13 -119.98  0.10E-13
  9  5  30.18 -119.98  0.30E-13
  9  5  30.23 -119.98  0.20E-13
  9  5  30.28 -119.98  0.40E-13
  9  5  30.33 -119.98  0.40E-13
  9  5  30.38 -119.98  0.50E-13
  9  5  30.43 -119.98  0.70E-13
  9  5  30.48 -119.98  0.13E-12
  9  5  30.53 -119.98  0.80E-13
  9  5  30.58 -119.98  0.12E-12
  9  5  30.63 -119.98  0.50E-13
  9  5  30.68 -119.98  0.14E-12
  9  5  30.73 -119.98  0.10E-12
  9  5  30.78 -119.98  0.10E-12
  9  5  30.83 -119.98  0.20E-13
  9  5  30.88 -119.98  0.90E-13
  9  5  30.93 -119.98  0.70E-13
  9  5  30.98 -119.98  0.70E-13
  9  5  31.03 -119.98  0.40E-13
  9  5  31.08 -119.98  0.20E-13
  9  5  30.28 -119.93  0.30E-13
  9  5  30.33 -119.93  0.30E-13
  9  5  30.38 -119.93  0.90E-13
  9  5  30.43 -119.93  0.20E-12
  9  5  30.48 -119.93  0.24E-12
  9  5  30.53 -119.93  0.22E-12
  9  5  30.58 -119.93  0.24E-12
  9  5  30.63 -119.93  0.23E-12
  9  5  30.68 -119.93  0.18E-12
  9  5  30.73 -119.93  0.20E-12
  9  5  30.78 -119.93  0.14E-12
  9  5  30.83 -119.93  0.18E-12
  9  5  30.88 -119.93  0.11E-12
  9  5  30.93 -119.93  0.50E-13
  9  5  30.98 -119.93  0.30E-13
  9  5  31.03 -119.93  0.30E-13
  9  5  31.08 -119.93  0.30E-13
  9  5  31.13 -119.93  0.30E-13
  9  5  31.18 -119.93  0.10E-13
  9  5  30.18 -119.88  0.30E-13
  9  5  30.23 -119.88  0.40E-13
  9  5  30.28 -119.88  0.50E-13
  9  5  30.33 -119.88  0.80E-13
  9  5  30.38 -119.88  0.11E-12
  9  5  30.43 -119.88  0.10E-12
  9  5  30.48 -119.88  0.90E-13
  9  5  30.53 -119.88  0.60E-13
  9  5  30.58 -119.88  0.18E-12
  9  5  30.63 -119.88  0.22E-12
  9  5  30.68 -119.88  0.19E-12
  9  5  30.73 -119.88  0.30E-12
  9  5  30.78 -119.88  0.21E-12
  9  5  30.83 -119.88  0.12E-12
  9  5  30.88 -119.88  0.11E-12
  9  5  30.93 -119.88  0.50E-13
  9  5  30.98 -119.88  0.91E-13
  9  5  31.03 -119.88  0.81E-13
  9  5  31.08 -119.88  0.60E-13
  9  5  30.28 -119.83  0.20E-13
  9  5  30.38 -119.83  0.70E-13
  9  5  30.43 -119.83  0.11E-12
  9  5  30.48 -119.83  0.11E-12
  9  5  30.53 -119.83  0.12E-12
  9  5  30.58 -119.83  0.25E-12
  9  5  30.63 -119.83  0.32E-12
  9  5  30.68 -119.83  0.32E-12
  9  5  30.73 -119.83  0.23E-12
  9  5  30.78 -119.83  0.16E-12
  9  5  30.83 -119.83  0.18E-12
  9  5  30.88 -119.83  0.30E-13
  9  5  30.93 -119.83  0.10E-13
  9  5  30.13 -119.78  0.20E-13
  9  5  30.18 -119.78  0.20E-13
  9  5  30.23 -119.78  0.10E-13
  9  5  30.28 -119.78  0.30E-13
  9  5  30.33 -119.78  0.50E-13
  9  5  30.43 -119.78  0.60E-13
  9  5  30.48 -119.78  0.15E-12
  9  5  30.53 -119.78  0.18E-12
  9  5  30.58 -119.78  0.14E-12
  9  5  30.63 -119.78  0.14E-12
  9  5  30.68 -119.78  0.13E-12
  9  5  30.73 -119.78  0.13E-12
  9  5  30.78 -119.78  0.11E-12
  9  5  30.83 -119.78  0.17E-12
  9  5  30.88 -119.78  0.24E-12
  9  5  30.93 -119.78  0.21E-12
  9  5  30.98 -119.78  0.91E-13
  9  5  31.03 -119.78  0.50E-13
  9  5  31.08 -119.78  0.20E-13
  9  5  31.13 -119.78  0.30E-13
  9  5  31.18 -119.78  0.40E-13
  9  5  31.23 -119.78  0.20E-13
  9  5  30.08 -119.73  0.10E-13
  9  5  30.23 -119.73  0.10E-13
  9  5  30.28 -119.73  0.60E-13
  9  5  30.33 -119.73  0.60E-13
  9  5  30.38 -119.73  0.10E-12
  9  5  30.43 -119.73  0.80E-13
  9  5  30.48 -119.73  0.21E-12
  9  5  30.53 -119.73  0.21E-12
  9  5  30.58 -119.73  0.26E-12
  9  5  30.63 -119.73  0.17E-12
  9  5  30.68 -119.73  0.23E-12
  9  5  30.73 -119.73  0.22E-12
  9  5  30.78 -119.73  0.27E-12
  9  5  30.83 -119.73  0.24E-12
  9  5  30.88 -119.73  0.18E-12
  9  5  30.93 -119.73  0.10E-12
  9  5  30.98 -119.73  0.60E-13
  9  5  31.03 -119.73  0.81E-13
  9  5  31.08 -119.73  0.40E-13
  9  5  31.13 -119.73  0.10E-13
  9  5  31.18 -119.73  0.40E-13
  9  5  31.23 -119.73  0.10E-13
  9  5  29.93 -119.68  0.10E-13
  9  5  29.98 -119.68  0.10E-13
  9  5  30.18 -119.68  0.20E-13
  9  5  30.23 -119.68  0.10E-12
  9  5  30.28 -119.68  0.15E-12
  9  5  30.33 -119.68  0.16E-12
  9  5  30.38 -119.68  0.18E-12
  9  5  30.43 -119.68  0.23E-12
  9  5  30.48 -119.68  0.27E-12
  9  5  30.53 -119.68  0.30E-12
  9  5  30.58 -119.68  0.34E-12
  9  5  30.63 -119.68  0.25E-12
  9  5  30.68 -119.68  0.27E-12
  9  5  30.73 -119.68  0.27E-12
  9  5  30.78 -119.68  0.19E-12
  9  5  30.83 -119.68  0.15E-12
  9  5  30.88 -119.68  0.80E-13
  9  5  30.93 -119.68  0.11E-12
  9  5  30.98 -119.68  0.18E-12
  9  5  31.03 -119.68  0.19E-12
  9  5  31.08 -119.68  0.16E-12
  9  5  31.13 -119.68  0.13E-12
  9  5  31.18 -119.68  0.10E-12
  9  5  31.23 -119.68  0.30E-13
  9  5  29.98 -119.63  0.20E-13
  9  5  30.03 -119.63  0.20E-13
  9  5  30.08 -119.63  0.20E-13
  9  5  30.13 -119.63  0.60E-13
  9  5  30.18 -119.63  0.30E-13
  9  5  30.23 -119.63  0.30E-13
  9  5  30.28 -119.63  0.20E-13
  9  5  30.33 -119.63  0.40E-13
  9  5  30.38 -119.63  0.20E-13
  9  5  30.43 -119.63  0.10E-12
  9  5  30.48 -119.63  0.13E-12
  9  5  30.53 -119.63  0.26E-12
  9  5  30.58 -119.63  0.29E-12
  9  5  30.63 -119.63  0.36E-12
  9  5  30.68 -119.63  0.38E-12
  9  5  30.73 -119.63  0.28E-12
  9  5  30.78 -119.63  0.37E-12
  9  5  30.83 -119.63  0.32E-12
  9  5  30.88 -119.63  0.26E-12
  9  5  30.93 -119.63  0.24E-12
  9  5  30.98 -119.63  0.14E-12
  9  5  31.03 -119.63  0.17E-12
  9  5  31.08 -119.63  0.14E-12
  9  5  31.13 -119.63  0.81E-13
  9  5  31.18 -119.63  0.20E-13
  9  5  30.38 -119.58  0.90E-13
  9  5  30.43 -119.58  0.19E-12
  9  5  30.48 -119.58  0.33E-12
  9  5  30.53 -119.58  0.44E-12
  9  5  30.58 -119.58  0.35E-12
  9  5  30.63 -119.58  0.33E-12
  9  5  30.68 -119.58  0.30E-12
  9  5  30.73 -119.58  0.21E-12
  9  5  30.78 -119.58  0.21E-12
  9  5  30.83 -119.58  0.36E-12
  9  5  30.88 -119.58  0.38E-12
  9  5  30.93 -119.58  0.34E-12
  9  5  30.98 -119.58  0.29E-12
  9  5  31.03 -119.58  0.91E-13
  9  5  31.08 -119.58  0.30E-13
  9  5  31.13 -119.58  0.20E-13
  9  5  30.38 -119.53  0.30E-13
  9  5  30.43 -119.53  0.50E-13
  9  5  30.48 -119.53  0.14E-12
  9  5  30.53 -119.53  0.16E-12
  9  5  30.58 -119.53  0.21E-12
  9  5  30.63 -119.53  0.28E-12
  9  5  30.68 -119.53  0.40E-12
  9  5  30.73 -119.53  0.34E-12
  9  5  30.78 -119.53  0.47E-12
  9  5  30.83 -119.53  0.42E-12
  9  5  30.88 -119.53  0.28E-12
  9  5  30.93 -119.53  0.19E-12
  9  5  30.98 -119.53  0.19E-12
  9  5  31.03 -119.53  0.16E-12
  9  5  31.08 -119.53  0.11E-12
  9  5  31.13 -119.53  0.60E-13
  9  5  31.18 -119.53  0.20E-13
  9  5  31.23 -119.53  0.20E-13
  9  5  31.28 -119.53  0.71E-13
  9  5  31.33 -119.53  0.61E-13
  9  5  31.38 -119.53  0.51E-13
  9  5  31.43 -119.53  0.20E-13
  9  5  30.38 -119.48  0.30E-13
  9  5  30.43 -119.48  0.50E-13
  9  5  30.48 -119.48  0.16E-12
  9  5  30.53 -119.48  0.20E-12
  9  5  30.58 -119.48  0.30E-12
  9  5  30.63 -119.48  0.15E-12
  9  5  30.68 -119.48  0.31E-12
  9  5  30.73 -119.48  0.36E-12
  9  5  30.78 -119.48  0.28E-12
  9  5  30.83 -119.48  0.20E-12
  9  5  30.88 -119.48  0.25E-12
  9  5  30.93 -119.48  0.27E-12
  9  5  30.98 -119.48  0.26E-12
  9  5  31.03 -119.48  0.21E-12
  9  5  31.08 -119.48  0.16E-12
  9  5  31.13 -119.48  0.60E-13
  9  5  31.18 -119.48  0.20E-13
  9  5  31.23 -119.48  0.50E-13
  9  5  31.28 -119.48  0.61E-13
  9  5  31.33 -119.48  0.40E-13
  9  5  30.33 -119.43  0.40E-13
  9  5  30.38 -119.43  0.90E-13
  9  5  30.43 -119.43  0.50E-13
  9  5  30.48 -119.43  0.70E-13
  9  5  30.53 -119.43  0.19E-12
  9  5  30.58 -119.43  0.23E-12
  9  5  30.63 -119.43  0.25E-12
  9  5  30.68 -119.43  0.39E-12
  9  5  30.73 -119.43  0.38E-12
  9  5  30.78 -119.43  0.33E-12
  9  5  30.83 -119.43  0.21E-12
  9  5  30.88 -119.43  0.32E-12
  9  5  30.93 -119.43  0.27E-12
  9  5  30.98 -119.43  0.22E-12
  9  5  31.03 -119.43  0.20E-12
  9  5  31.08 -119.43  0.13E-12
  9  5  31.13 -119.43  0.91E-13
  9  5  31.18 -119.43  0.40E-13
  9  5  31.23 -119.43  0.30E-13
  9  5  31.38 -119.43  0.20E-13
  9  5  31.43 -119.43  0.10E-13
  9  5  30.23 -119.38  0.10E-13
  9  5  30.38 -119.38  0.10E-13
  9  5  30.48 -119.38  0.80E-13
  9  5  30.53 -119.38  0.12E-12
  9  5  30.58 -119.38  0.12E-12
  9  5  30.63 -119.38  0.11E-12
  9  5  30.68 -119.38  0.80E-13
  9  5  30.73 -119.38  0.18E-12
  9  5  30.78 -119.38  0.25E-12
  9  5  30.83 -119.38  0.32E-12
  9  5  30.88 -119.38  0.39E-12
  9  5  30.93 -119.38  0.40E-12
  9  5  30.98 -119.38  0.40E-12
  9  5  31.03 -119.38  0.27E-12
  9  5  31.08 -119.38  0.24E-12
  9  5  31.13 -119.38  0.20E-12
  9  5  31.18 -119.38  0.17E-12
  9  5  31.23 -119.38  0.91E-13
  9  5  31.28 -119.38  0.91E-13
  9  5  31.33 -119.38  0.20E-13
  9  5  31.38 -119.38  0.10E-13
  9  5  31.43 -119.38  0.20E-13
  9  5  31.48 -119.38  0.10E-13
  9  5  30.33 -119.33  0.30E-13
  9  5  30.38 -119.33  0.30E-13
  9  5  30.43 -119.33  0.30E-13
  9  5  30.48 -119.33  0.30E-13
  9  5  30.53 -119.33  0.50E-13
  9  5  30.58 -119.33  0.16E-12
  9  5  30.63 -119.33  0.13E-12
  9  5  30.68 -119.33  0.33E-12
  9  5  30.73 -119.33  0.38E-12
  9  5  30.78 -119.33  0.33E-12
  9  5  30.83 -119.33  0.43E-12
  9  5  30.88 -119.33  0.39E-12
  9  5  30.93 -119.33  0.29E-12
  9  5  30.98 -119.33  0.30E-12
  9  5  31.03 -119.33  0.31E-12
  9  5  31.08 -119.33  0.36E-12
  9  5  31.13 -119.33  0.34E-12
  9  5  31.18 -119.33  0.21E-12
  9  5  31.23 -119.33  0.20E-12
  9  5  31.28 -119.33  0.18E-12
  9  5  31.33 -119.33  0.12E-12
  9  5  31.38 -119.33  0.81E-13
  9  5  31.43 -119.33  0.30E-13
  9  5  31.48 -119.33  0.30E-13
  9  5  31.53 -119.33  0.30E-13
  9  5  31.58 -119.33  0.10E-13
  9  5  31.73 -119.33  0.10E-13
  9  5  30.38 -119.28  0.50E-13
  9  5  30.43 -119.28  0.10E-12
  9  5  30.48 -119.28  0.15E-12
  9  5  30.53 -119.28  0.15E-12
  9  5  30.58 -119.28  0.18E-12
  9  5  30.63 -119.28  0.23E-12
  9  5  30.68 -119.28  0.34E-12
  9  5  30.73 -119.28  0.27E-12
  9  5  30.78 -119.28  0.34E-12
  9  5  30.83 -119.28  0.33E-12
  9  5  30.88 -119.28  0.34E-12
  9  5  30.93 -119.28  0.42E-12
  9  5  30.98 -119.28  0.36E-12
  9  5  31.03 -119.28  0.37E-12
  9  5  31.08 -119.28  0.29E-12
  9  5  31.13 -119.28  0.40E-12
  9  5  31.18 -119.28  0.31E-12
  9  5  31.23 -119.28  0.17E-12
  9  5  31.28 -119.28  0.12E-12
  9  5  31.33 -119.28  0.40E-13
  9  5  31.38 -119.28  0.40E-13
  9  5  31.43 -119.28  0.40E-13
  9  5  31.58 -119.28  0.20E-13
  9  5  31.63 -119.28  0.41E-13
  9  5  31.68 -119.28  0.41E-13
  9  5  31.93 -119.28  0.10E-13
  9  5  30.33 -119.23  0.40E-13
  9  5  30.38 -119.23  0.40E-13
  9  5  30.43 -119.23  0.20E-13
  9  5  30.48 -119.23  0.40E-13
  9  5  30.53 -119.23  0.90E-13
  9  5  30.58 -119.23  0.11E-12
  9  5  30.63 -119.23  0.16E-12
  9  5  30.68 -119.23  0.13E-12
  9  5  30.73 -119.23  0.17E-12
  9  5  30.78 -119.23  0.25E-12
  9  5  30.83 -119.23  0.27E-12
  9  5  30.88 -119.23  0.31E-12
  9  5  30.93 -119.23  0.31E-12
  9  5  30.98 -119.23  0.39E-12
  9  5  31.03 -119.23  0.42E-12
  9  5  31.08 -119.23  0.29E-12
  9  5  31.13 -119.23  0.25E-12
  9  5  31.18 -119.23  0.15E-12
  9  5  31.23 -119.23  0.12E-12
  9  5  31.28 -119.23  0.40E-13
  9  5  31.33 -119.23  0.81E-13
  9  5  31.38 -119.23  0.40E-13
  9  5  31.43 -119.23  0.51E-13
  9  5  31.48 -119.23  0.61E-13
  9  5  31.53 -119.23  0.40E-13
  9  5  31.58 -119.23  0.30E-13
  9  5  31.63 -119.23  0.20E-13
  9  5  31.88 -119.23  0.10E-13
  9  5  30.38 -119.18  0.10E-13
  9  5  30.43 -119.18  0.50E-13
  9  5  30.48 -119.18  0.30E-13
  9  5  30.53 -119.18  0.50E-13
  9  5  30.58 -119.18  0.80E-13
  9  5  30.63 -119.18  0.80E-13
  9  5  30.68 -119.18  0.50E-13
  9  5  30.73 -119.18  0.13E-12
  9  5  30.78 -119.18  0.20E-12
  9  5  30.83 -119.18  0.29E-12
  9  5  30.88 -119.18  0.39E-12
  9  5  30.93 -119.18  0.44E-12
  9  5  30.98 -119.18  0.40E-12
  9  5  31.03 -119.18  0.24E-12
  9  5  31.08 -119.18  0.14E-12
  9  5  31.13 -119.18  0.17E-12
  9  5  31.18 -119.18  0.17E-12
  9  5  31.23 -119.18  0.16E-12
  9  5  31.28 -119.18  0.22E-12
  9  5  31.33 -119.18  0.20E-12
  9  5  31.38 -119.18  0.19E-12
  9  5  31.43 -119.18  0.14E-12
  9  5  31.48 -119.18  0.11E-12
  9  5  31.53 -119.18  0.10E-13
  9  5  31.68 -119.18  0.20E-13
  9  5  30.43 -119.13  0.20E-13
  9  5  30.48 -119.13  0.20E-13
  9  5  30.53 -119.13  0.60E-13
  9  5  30.58 -119.13  0.80E-13
  9  5  30.63 -119.13  0.11E-12
  9  5  30.68 -119.13  0.12E-12
  9  5  30.73 -119.13  0.70E-13
  9  5  30.78 -119.13  0.50E-13
  9  5  30.83 -119.13  0.11E-12
  9  5  30.88 -119.13  0.14E-12
  9  5  30.93 -119.13  0.24E-12
  9  5  30.98 -119.13  0.37E-12
  9  5  31.03 -119.13  0.31E-12
  9  5  31.08 -119.13  0.25E-12
  9  5  31.13 -119.13  0.33E-12
  9  5  31.18 -119.13  0.25E-12
  9  5  31.23 -119.13  0.28E-12
  9  5  31.28 -119.13  0.23E-12
  9  5  31.33 -119.13  0.21E-12
  9  5  31.38 -119.13  0.11E-12
  9  5  31.43 -119.13  0.61E-13
  9  5  31.48 -119.13  0.61E-13
  9  5  31.53 -119.13  0.61E-13
  9  5  31.58 -119.13  0.51E-13
  9  5  31.63 -119.13  0.41E-13
  9  5  31.68 -119.13  0.91E-13
  9  5  31.73 -119.13  0.30E-13
  9  5  31.78 -119.13  0.30E-13
  9  5  30.58 -119.08  0.10E-13
  9  5  30.63 -119.08  0.10E-13
  9  5  30.68 -119.08  0.50E-13
  9  5  30.73 -119.08  0.70E-13
  9  5  30.78 -119.08  0.18E-12
  9  5  30.83 -119.08  0.20E-12
  9  5  30.88 -119.08  0.37E-12
  9  5  30.93 -119.08  0.31E-12
  9  5  30.98 -119.08  0.23E-12
  9  5  31.03 -119.08  0.20E-12
  9  5  31.08 -119.08  0.18E-12
  9  5  31.13 -119.08  0.16E-12
  9  5  31.18 -119.08  0.24E-12
  9  5  31.23 -119.08  0.26E-12
  9  5  31.28 -119.08  0.30E-12
  9  5  31.33 -119.08  0.30E-12
  9  5  31.38 -119.08  0.24E-12
  9  5  31.43 -119.08  0.14E-12
  9  5  31.48 -119.08  0.12E-12
  9  5  31.53 -119.08  0.61E-13
  9  5  31.58 -119.08  0.71E-13
  9  5  31.63 -119.08  0.91E-13
  9  5  31.68 -119.08  0.71E-13
  9  5  30.48 -119.03  0.10E-13
  9  5  30.58 -119.03  0.20E-13
  9  5  30.63 -119.03  0.20E-13
  9  5  30.68 -119.03  0.30E-13
  9  5  30.73 -119.03  0.20E-13
  9  5  30.78 -119.03  0.20E-13
  9  5  30.83 -119.03  0.80E-13
  9  5  30.88 -119.03  0.70E-13
  9  5  30.93 -119.03  0.10E-12
  9  5  30.98 -119.03  0.22E-12
  9  5  31.03 -119.03  0.23E-12
  9  5  31.08 -119.03  0.24E-12
  9  5  31.13 -119.03  0.31E-12
  9  5  31.18 -119.03  0.17E-12
  9  5  31.23 -119.03  0.24E-12
  9  5  31.28 -119.03  0.25E-12
  9  5  31.33 -119.03  0.29E-12
  9  5  31.38 -119.03  0.30E-12
  9  5  31.43 -119.03  0.22E-12
  9  5  31.48 -119.03  0.14E-12
  9  5  31.53 -119.03  0.14E-12
  9  5  31.58 -119.03  0.16E-12
  9  5  31.63 -119.03  0.81E-13
  9  5  31.68 -119.03  0.10E-13
  9  5  31.93 -119.03  0.10E-13
  9  5  31.98 -119.03  0.31E-13
  9  5  30.58 -118.98  0.30E-13
  9  5  30.63 -118.98  0.40E-13
  9  5  30.68 -118.98  0.40E-13
  9  5  30.73 -118.98  0.60E-13
  9  5  30.78 -118.98  0.40E-13
  9  5  30.83 -118.98  0.90E-13
  9  5  30.88 -118.98  0.11E-12
  9  5  30.93 -118.98  0.11E-12
  9  5  30.98 -118.98  0.70E-13
  9  5  31.03 -118.98  0.13E-12
  9  5  31.08 -118.98  0.12E-12
  9  5  31.13 -118.98  0.12E-12
  9  5  31.18 -118.98  0.13E-12
  9  5  31.23 -118.98  0.26E-12
  9  5  31.28 -118.98  0.26E-12
  9  5  31.33 -118.98  0.25E-12
  9  5  31.38 -118.98  0.22E-12
  9  5  31.43 -118.98  0.20E-12
  9  5  31.48 -118.98  0.20E-12
  9  5  31.53 -118.98  0.13E-12
  9  5  31.58 -118.98  0.71E-13
  9  5  31.63 -118.98  0.30E-13
  9  5  31.68 -118.98  0.41E-13
  9  5  31.83 -118.98  0.10E-13
  9  5  31.88 -118.98  0.30E-13
  9  5  31.93 -118.98  0.20E-13
  9  5  30.18 -118.93  0.10E-13
  9  5  30.23 -118.93  0.10E-13
  9  5  30.63 -118.93  0.30E-13
  9  5  30.68 -118.93  0.20E-13
  9  5  30.73 -118.93  0.40E-13
  9  5  30.78 -118.93  0.40E-13
  9  5  30.83 -118.93  0.14E-12
  9  5  30.88 -118.93  0.16E-12
  9  5  30.93 -118.93  0.19E-12
  9  5  30.98 -118.93  0.28E-12
  9  5  31.03 -118.93  0.32E-12
  9  5  31.08 -118.93  0.29E-12
  9  5  31.13 -118.93  0.18E-12
  9  5  31.18 -118.93  0.24E-12
  9  5  31.23 -118.93  0.26E-12
  9  5  31.28 -118.93  0.25E-12
  9  5  31.33 -118.93  0.38E-12
  9  5  31.38 -118.93  0.30E-12
  9  5  31.43 -118.93  0.33E-12
  9  5  31.48 -118.93  0.22E-12
  9  5  31.53 -118.93  0.10E-12
  9  5  31.58 -118.93  0.20E-13
  9  5  31.63 -118.93  0.41E-13
  9  5  31.68 -118.93  0.61E-13
  9  5  31.73 -118.93  0.41E-13
  9  5  31.78 -118.93  0.30E-13
  9  5  31.83 -118.93  0.20E-13
  9  5  30.73 -118.88  0.10E-13
  9  5  30.78 -118.88  0.30E-13
  9  5  30.83 -118.88  0.50E-13
  9  5  30.88 -118.88  0.70E-13
  9  5  30.93 -118.88  0.60E-13
  9  5  30.98 -118.88  0.30E-13
  9  5  31.03 -118.88  0.50E-13
  9  5  31.08 -118.88  0.11E-12
  9  5  31.13 -118.88  0.26E-12
  9  5  31.18 -118.88  0.31E-12
  9  5  31.23 -118.88  0.21E-12
  9  5  31.28 -118.88  0.26E-12
  9  5  31.33 -118.88  0.32E-12
  9  5  31.38 -118.88  0.34E-12
  9  5  31.43 -118.88  0.21E-12
  9  5  31.48 -118.88  0.25E-12
  9  5  31.53 -118.88  0.14E-12
  9  5  31.58 -118.88  0.15E-12
  9  5  31.63 -118.88  0.14E-12
  9  5  31.68 -118.88  0.81E-13
  9  5  31.73 -118.88  0.81E-13
  9  5  30.93 -118.83  0.10E-13
  9  5  30.98 -118.83  0.50E-13
  9  5  31.03 -118.83  0.13E-12
  9  5  31.08 -118.83  0.16E-12
  9  5  31.13 -118.83  0.24E-12
  9  5  31.18 -118.83  0.17E-12
  9  5  31.23 -118.83  0.20E-12
  9  5  31.28 -118.83  0.19E-12
  9  5  31.33 -118.83  0.19E-12
  9  5  31.38 -118.83  0.14E-12
  9  5  31.43 -118.83  0.14E-12
  9  5  31.48 -118.83  0.16E-12
  9  5  31.53 -118.83  0.13E-12
  9  5  31.58 -118.83  0.14E-12
  9  5  31.63 -118.83  0.12E-12
  9  5  31.68 -118.83  0.12E-12
  9  5  31.73 -118.83  0.91E-13
  9  5  31.78 -118.83  0.91E-13
  9  5  31.83 -118.83  0.81E-13
  9  5  30.88 -118.78  0.50E-13
  9  5  30.93 -118.78  0.11E-12
  9  5  30.98 -118.78  0.12E-12
  9  5  31.03 -118.78  0.40E-13
  9  5  31.08 -118.78  0.20E-13
  9  5  31.18 -118.78  0.30E-13
  9  5  31.23 -118.78  0.91E-13
  9  5  31.28 -118.78  0.18E-12
  9  5  31.33 -118.78  0.22E-12
  9  5  31.38 -118.78  0.20E-12
  9  5  31.43 -118.78  0.24E-12
  9  5  31.48 -118.78  0.24E-12
  9  5  31.53 -118.78  0.26E-12
  9  5  31.58 -118.78  0.14E-12
  9  5  31.63 -118.78  0.21E-12
  9  5  31.68 -118.78  0.28E-12
  9  5  31.73 -118.78  0.18E-12
  9  5  31.78 -118.78  0.71E-13
  9  5  31.83 -118.78  0.30E-13
  9  5  31.88 -118.78  0.10E-13
  9  5  30.83 -118.73  0.50E-13
  9  5  30.88 -118.73  0.40E-13
  9  5  30.93 -118.73  0.40E-13
  9  5  30.98 -118.73  0.40E-13
  9  5  31.03 -118.73  0.60E-13
  9  5  31.08 -118.73  0.30E-13
  9  5  31.13 -118.73  0.30E-13
  9  5  31.18 -118.73  0.10E-12
  9  5  31.23 -118.73  0.11E-12
  9  5  31.28 -118.73  0.10E-12
  9  5  31.33 -118.73  0.12E-12
  9  5  31.38 -118.73  0.11E-12
  9  5  31.43 -118.73  0.14E-12
  9  5  31.48 -118.73  0.21E-12
  9  5  31.53 -118.73  0.23E-12
  9  5  31.58 -118.73  0.23E-12
  9  5  31.63 -118.73  0.22E-12
  9  5  31.68 -118.73  0.17E-12
  9  5  31.73 -118.73  0.81E-13
  9  5  31.78 -118.73  0.41E-13
  9  5  31.83 -118.73  0.30E-13
  9  5  31.88 -118.73  0.61E-13
  9  5  32.03 -118.73  0.10E-13
  9  5  30.83 -118.68  0.30E-13
  9  5  30.88 -118.68  0.30E-13
  9  5  31.03 -118.68  0.30E-13
  9  5  31.08 -118.68  0.50E-13
  9  5  31.13 -118.68  0.30E-13
  9  5  31.18 -118.68  0.20E-13
  9  5  31.28 -118.68  0.40E-13
  9  5  31.33 -118.68  0.40E-13
  9  5  31.38 -118.68  0.81E-13
  9  5  31.43 -118.68  0.18E-12
  9  5  31.48 -118.68  0.20E-12
  9  5  31.53 -118.68  0.24E-12
  9  5  31.58 -118.68  0.23E-12
  9  5  31.63 -118.68  0.26E-12
  9  5  31.68 -118.68  0.15E-12
  9  5  31.73 -118.68  0.20E-12
  9  5  31.78 -118.68  0.13E-12
  9  5  31.83 -118.68  0.51E-13
  9  5  31.88 -118.68  0.10E-13
  9  5  31.93 -118.68  0.61E-13
  9  5  31.98 -118.68  0.41E-13
  9  5  32.28 -118.68  0.51E-13
  9  5  30.93 -118.63  0.30E-13
  9  5  30.98 -118.63  0.50E-13
  9  5  31.03 -118.63  0.50E-13
  9  5  31.08 -118.63  0.50E-13
  9  5  31.13 -118.63  0.30E-13
  9  5  31.18 -118.63  0.40E-13
  9  5  31.23 -118.63  0.61E-13
  9  5  31.28 -118.63  0.71E-13
  9  5  31.33 -118.63  0.12E-12
  9  5  31.38 -118.63  0.20E-12
  9  5  31.43 -118.63  0.27E-12
  9  5  31.48 -118.63  0.14E-12
  9  5  31.53 -118.63  0.14E-12
  9  5  31.58 -118.63  0.18E-12
  9  5  31.63 -118.63  0.12E-12
  9  5  31.68 -118.63  0.91E-13
  9  5  31.73 -118.63  0.81E-13
  9  5  31.78 -118.63  0.30E-13
  9  5  31.83 -118.63  0.71E-13
  9  5  31.88 -118.63  0.14E-12
  9  5  31.93 -118.63  0.91E-13
  9  5  31.98 -118.63  0.10E-13
  9  5  32.03 -118.63  0.20E-13
  9  5  32.18 -118.63  0.10E-13
  9  5  32.23 -118.63  0.41E-13
  9  5  31.08 -118.58  0.20E-13
  9  5  31.13 -118.58  0.60E-13
  9  5  31.18 -118.58  0.60E-13
  9  5  31.23 -118.58  0.50E-13
  9  5  31.28 -118.58  0.12E-12
  9  5  31.33 -118.58  0.19E-12
  9  5  31.38 -118.58  0.91E-13
  9  5  31.43 -118.58  0.10E-12
  9  5  31.48 -118.58  0.10E-12
  9  5  31.53 -118.58  0.91E-13
  9  5  31.58 -118.58  0.10E-12
  9  5  31.63 -118.58  0.41E-13
  9  5  31.68 -118.58  0.41E-13
  9  5  31.73 -118.58  0.61E-13
  9  5  31.78 -118.58  0.11E-12
  9  5  31.83 -118.58  0.91E-13
  9  5  31.88 -118.58  0.41E-13
  9  5  31.93 -118.58  0.30E-13
  9  5  31.98 -118.58  0.31E-13
  9  5  32.03 -118.58  0.31E-13
  9  5  32.08 -118.58  0.10E-13
  9  5  32.18 -118.58  0.41E-13
  9  5  32.23 -118.58  0.10E-13
  9  5  31.28 -118.53  0.50E-13
  9  5  31.33 -118.53  0.50E-13
  9  5  31.38 -118.53  0.51E-13
  9  5  31.48 -118.53  0.20E-13
  9  5  31.53 -118.53  0.40E-13
  9  5  31.58 -118.53  0.61E-13
  9  5  31.63 -118.53  0.71E-13
  9  5  31.68 -118.53  0.30E-13
  9  5  31.73 -118.53  0.10E-12
  9  5  31.78 -118.53  0.12E-12
  9  5  31.83 -118.53  0.61E-13
  9  5  31.88 -118.53  0.61E-13
  9  5  31.93 -118.53  0.91E-13
  9  5  31.98 -118.53  0.51E-13
  9  5  32.03 -118.53  0.41E-13
  9  5  32.08 -118.53  0.20E-13
  9  5  32.13 -118.53  0.81E-13
  9  5  32.18 -118.53  0.71E-13
  9  5  32.23 -118.53  0.41E-13
  9  5  32.28 -118.53  0.20E-13
  9  5  32.33 -118.53  0.10E-13
  9  5  32.38 -118.53  0.20E-13
  9  5  31.28 -118.48  0.20E-13
  9  5  31.33 -118.48  0.61E-13
  9  5  31.38 -118.48  0.40E-13
  9  5  31.48 -118.48  0.20E-13
  9  5  31.53 -118.48  0.40E-13
  9  5  31.58 -118.48  0.30E-13
  9  5  31.63 -118.48  0.81E-13
  9  5  31.68 -118.48  0.81E-13
  9  5  31.73 -118.48  0.81E-13
  9  5  31.78 -118.48  0.20E-12
  9  5  31.83 -118.48  0.71E-13
  9  5  31.88 -118.48  0.12E-12
  9  5  31.93 -118.48  0.11E-12
  9  5  31.98 -118.48  0.92E-13
  9  5  32.03 -118.48  0.71E-13
  9  5  32.08 -118.48  0.14E-12
  9  5  32.13 -118.48  0.51E-13
  9  5  32.18 -118.48  0.92E-13
  9  5  32.23 -118.48  0.61E-13
  9  5  32.28 -118.48  0.71E-13
  9  5  32.33 -118.48  0.41E-13
  9  5  31.13 -118.43  0.10E-13
  9  5  31.18 -118.43  0.30E-13
  9  5  31.23 -118.43  0.30E-13
  9  5  31.28 -118.43  0.30E-13
  9  5  31.33 -118.43  0.30E-13
  9  5  31.38 -118.43  0.30E-13
  9  5  31.48 -118.43  0.20E-13
  9  5  31.53 -118.43  0.10E-13
  9  5  31.58 -118.43  0.30E-13
  9  5  31.63 -118.43  0.81E-13
  9  5  31.68 -118.43  0.12E-12
  9  5  31.73 -118.43  0.19E-12
  9  5  31.78 -118.43  0.12E-12
  9  5  31.83 -118.43  0.81E-13
  9  5  31.88 -118.43  0.15E-12
  9  5  31.93 -118.43  0.17E-12
  9  5  31.98 -118.43  0.81E-13
  9  5  32.03 -118.43  0.92E-13
  9  5  32.08 -118.43  0.51E-13
  9  5  32.13 -118.43  0.13E-12
  9  5  32.18 -118.43  0.61E-13
  9  5  32.23 -118.43  0.51E-13
  9  5  32.28 -118.43  0.31E-13
  9  5  32.33 -118.43  0.20E-13
  9  5  31.23 -118.38  0.10E-13
  9  5  31.28 -118.38  0.40E-13
  9  5  31.33 -118.38  0.10E-13
  9  5  31.48 -118.38  0.10E-13
  9  5  31.53 -118.38  0.40E-13
  9  5  31.58 -118.38  0.10E-13
  9  5  31.63 -118.38  0.61E-13
  9  5  31.68 -118.38  0.81E-13
  9  5  31.73 -118.38  0.51E-13
  9  5  31.78 -118.38  0.81E-13
  9  5  31.83 -118.38  0.15E-12
  9  5  31.88 -118.38  0.81E-13
  9  5  31.93 -118.38  0.61E-13
  9  5  31.98 -118.38  0.10E-12
  9  5  32.03 -118.38  0.41E-13
  9  5  32.08 -118.38  0.71E-13
  9  5  32.28 -118.38  0.20E-13
  9  5  32.33 -118.38  0.31E-13
  9  5  31.48 -118.33  0.30E-13
  9  5  31.53 -118.33  0.61E-13
  9  5  31.58 -118.33  0.41E-13
  9  5  31.63 -118.33  0.10E-13
  9  5  31.73 -118.33  0.51E-13
  9  5  31.78 -118.33  0.51E-13
  9  5  31.83 -118.33  0.41E-13
  9  5  31.88 -118.33  0.41E-13
  9  5  31.93 -118.33  0.61E-13
  9  5  31.98 -118.33  0.20E-13
  9  5  32.03 -118.33  0.71E-13
  9  5  32.08 -118.33  0.51E-13
  9  5  32.13 -118.33  0.10E-13
  9  5  32.23 -118.33  0.31E-13
  9  5  32.28 -118.33  0.20E-13
  9  5  32.33 -118.33  0.41E-13
  9  5  32.58 -118.33  0.10E-13
  9  5  31.38 -118.28  0.20E-13
  9  5  31.43 -118.28  0.10E-13
  9  5  31.73 -118.28  0.20E-13
  9  5  31.78 -118.28  0.41E-13
  9  5  31.83 -118.28  0.10E-13
  9  5  31.88 -118.28  0.71E-13
  9  5  31.93 -118.28  0.10E-13
  9  5  31.98 -118.28  0.92E-13
  9  5  32.03 -118.28  0.10E-12
  9  5  32.08 -118.28  0.10E-13
  9  5  32.13 -118.28  0.71E-13
  9  5  32.18 -118.28  0.61E-13
  9  5  32.23 -118.28  0.20E-13
  9  5  32.28 -118.28  0.51E-13
  9  5  32.33 -118.28  0.10E-13
  9  5  32.48 -118.28  0.20E-13
  9  5  32.53 -118.28  0.10E-13
  9  5  31.68 -118.23  0.20E-13
  9  5  31.73 -118.23  0.20E-13
  9  5  31.83 -118.23  0.51E-13
  9  5  31.93 -118.23  0.51E-13
  9  5  31.98 -118.23  0.12E-12
  9  5  32.03 -118.23  0.51E-13
  9  5  32.08 -118.23  0.13E-12
  9  5  32.13 -118.23  0.16E-12
  9  5  32.18 -118.23  0.13E-12
  9  5  32.23 -118.23  0.61E-13
  9  5  32.28 -118.23  0.51E-13
  9  5  32.33 -118.23  0.10E-13
  9  5  32.43 -118.23  0.10E-13
  9  5  32.48 -118.23  0.41E-13
  9  5  31.78 -118.18  0.10E-13
  9  5  31.93 -118.18  0.12E-12
  9  5  31.98 -118.18  0.20E-13
  9  5  32.03 -118.18  0.11E-12
  9  5  32.08 -118.18  0.10E-12
  9  5  32.13 -118.18  0.11E-12
  9  5  32.18 -118.18  0.20E-13
  9  5  32.23 -118.18  0.41E-13
  9  5  32.28 -118.18  0.20E-13
  9  5  32.43 -118.18  0.72E-13
  9  5  32.48 -118.18  0.31E-13
  9  5  31.88 -118.13  0.10E-13
  9  5  31.98 -118.13  0.31E-13
  9  5  32.03 -118.13  0.10E-13
  9  5  32.08 -118.13  0.61E-13
  9  5  32.13 -118.13  0.31E-13
  9  5  32.23 -118.13  0.20E-13
  9  5  32.38 -118.13  0.31E-13
  9  5  32.43 -118.13  0.51E-13
  9  5  32.03 -118.08  0.41E-13
  9  5  32.08 -118.08  0.41E-13
  9  5  32.38 -118.08  0.41E-13
  9  5  32.48 -118.08  0.10E-13
  9  5  32.53 -118.08  0.31E-13
  9  5  31.93 -118.03  0.10E-13
  9  5  31.98 -118.03  0.51E-13
  9  5  32.03 -118.03  0.51E-13
  9  5  32.43 -118.03  0.20E-13
  9  5  32.48 -118.03  0.20E-13
  9  5  32.53 -118.03  0.11E-12
  9  5  31.93 -117.98  0.10E-13
  9  5  32.43 -117.98  0.41E-13
  9  5  32.48 -117.98  0.61E-13
  9  5  32.53 -117.98  0.61E-13
  9  5  32.73 -117.98  0.21E-13
  9  5  32.38 -117.93  0.20E-13
  9  5  32.43 -117.93  0.41E-13
  9  5  32.48 -117.93  0.51E-13
  9  5  32.73 -117.93  0.10E-13
  9  5  32.68 -117.88  0.51E-13
  9  5  32.63 -117.83  0.51E-13
