DAY HR    LAT     LON TEST00100
  9  2  31.03 -121.63  0.15E-13
  9  2  31.13 -121.43  0.23E-13
  9  2  31.18 -121.43  0.23E-13
  9  2  31.33 -121.43  0.30E-13
  9  2  31.38 -121.43  0.23E-13
  9  2  31.33 -121.38  0.15E-13
  9  2  31.38 -121.38  0.15E-13
  9  2  31.23 -121.23  0.15E-13
  9  2  31.28 -121.23  0.15E-13
  9  2  31.13 -121.13  0.76E-14
  9  2  31.18 -121.13  0.76E-14
  9  2  31.13 -121.08  0.23E-13
  9  2  31.18 -121.08  0.45E-13
  9  2  31.23 -121.08  0.76E-14
  9  2  31.28 -121.08  0.76E-14
  9  2  31.33 -121.03  0.23E-13
  9  2  30.98 -120.98  0.75E-14
  9  2  31.03 -120.98  0.38E-13
  9  2  31.08 -120.98  0.30E-13
  9  2  31.13 -120.98  0.15E-13
  9  2  31.18 -120.98  0.30E-13
  9  2  31.23 -120.98  0.76E-14
  9  2  31.43 -120.98  0.15E-13
  9  2  31.63 -120.93  0.15E-13
  9  2  31.68 -120.93  0.15E-13
  9  2  31.48 -120.88  0.76E-14
  9  2  30.83 -120.83  0.15E-13
  9  2  30.83 -120.78  0.30E-13
  9  2  30.88 -120.78  0.15E-13
  9  2  31.08 -120.73  0.38E-13
  9  2  31.13 -120.73  0.23E-13
  9  2  31.43 -120.73  0.15E-13
  9  2  31.23 -120.68  0.76E-14
  9  2  31.33 -120.68  0.38E-13
  9  2  31.38 -120.68  0.30E-13
  9  2  31.43 -120.68  0.30E-13
  9  2  31.48 -120.68  0.76E-14
  9  2  31.63 -120.68  0.23E-13
  9  2  31.68 -120.68  0.15E-13
  9  2  30.88 -120.63  0.15E-13
  9  2  30.93 -120.63  0.38E-13
  9  2  30.98 -120.63  0.23E-13
  9  2  31.03 -120.63  0.38E-13
  9  2  31.08 -120.63  0.15E-13
  9  2  31.18 -120.63  0.38E-13
  9  2  31.23 -120.63  0.15E-13
  9  2  31.08 -120.58  0.15E-13
  9  2  31.13 -120.58  0.30E-13
  9  2  31.18 -120.58  0.53E-13
  9  2  31.23 -120.58  0.15E-13
  9  2  31.33 -120.58  0.15E-13
  9  2  31.38 -120.58  0.30E-13
  9  2  31.43 -120.58  0.76E-14
  9  2  30.63 -120.53  0.75E-14
  9  2  30.73 -120.53  0.23E-13
  9  2  30.98 -120.53  0.15E-13
  9  2  31.03 -120.53  0.38E-13
  9  2  31.08 -120.53  0.45E-13
  9  2  31.13 -120.53  0.38E-13
  9  2  31.18 -120.53  0.68E-13
  9  2  31.23 -120.53  0.61E-13
  9  2  31.38 -120.53  0.76E-14
  9  2  31.43 -120.53  0.30E-13
  9  2  31.48 -120.53  0.38E-13
  9  2  31.53 -120.53  0.53E-13
  9  2  31.58 -120.53  0.15E-13
  9  2  31.13 -120.48  0.38E-13
  9  2  31.18 -120.48  0.76E-14
  9  2  31.23 -120.48  0.30E-13
  9  2  31.28 -120.48  0.15E-13
  9  2  31.18 -120.43  0.23E-13
  9  2  31.23 -120.43  0.38E-13
  9  2  31.28 -120.43  0.53E-13
  9  2  31.33 -120.43  0.45E-13
  9  2  31.38 -120.43  0.45E-13
  9  2  31.43 -120.43  0.45E-13
  9  2  31.48 -120.43  0.38E-13
  9  2  31.28 -120.38  0.23E-13
  9  2  31.33 -120.38  0.15E-13
  9  2  31.43 -120.38  0.76E-14
  9  2  31.48 -120.38  0.30E-13
  9  2  31.53 -120.38  0.23E-13
  9  2  31.58 -120.38  0.30E-13
  9  2  31.63 -120.38  0.76E-14
  9  2  31.68 -120.38  0.23E-13
  9  2  31.73 -120.38  0.15E-13
  9  2  30.68 -120.33  0.23E-13
  9  2  30.73 -120.33  0.30E-13
  9  2  30.78 -120.33  0.15E-13
  9  2  30.88 -120.33  0.75E-14
  9  2  30.93 -120.33  0.75E-14
  9  2  31.08 -120.33  0.76E-14
  9  2  31.13 -120.33  0.15E-13
  9  2  31.18 -120.33  0.30E-13
  9  2  31.23 -120.33  0.15E-13
  9  2  31.28 -120.33  0.76E-14
  9  2  31.33 -120.33  0.23E-13
  9  2  31.38 -120.33  0.53E-13
  9  2  31.43 -120.33  0.53E-13
  9  2  31.48 -120.33  0.30E-13
  9  2  31.53 -120.33  0.30E-13
  9  2  31.63 -120.33  0.76E-14
  9  2  30.78 -120.28  0.23E-13
  9  2  30.83 -120.28  0.30E-13
  9  2  30.88 -120.28  0.75E-14
  9  2  30.93 -120.28  0.23E-13
  9  2  31.13 -120.28  0.23E-13
  9  2  31.18 -120.28  0.60E-13
  9  2  31.23 -120.28  0.68E-13
  9  2  31.28 -120.28  0.38E-13
  9  2  31.33 -120.28  0.23E-13
  9  2  31.38 -120.28  0.23E-13
  9  2  31.73 -120.28  0.76E-14
  9  2  30.88 -120.23  0.30E-13
  9  2  30.93 -120.23  0.30E-13
  9  2  30.98 -120.23  0.15E-13
  9  2  31.43 -120.23  0.53E-13
  9  2  31.48 -120.23  0.91E-13
  9  2  31.53 -120.23  0.76E-13
  9  2  31.58 -120.23  0.61E-13
  9  2  31.63 -120.23  0.68E-13
  9  2  31.68 -120.23  0.76E-14
  9  2  31.88 -120.23  0.15E-13
  9  2  30.98 -120.18  0.15E-13
  9  2  31.03 -120.18  0.23E-13
  9  2  31.08 -120.18  0.15E-13
  9  2  31.23 -120.18  0.15E-13
  9  2  31.28 -120.18  0.53E-13
  9  2  31.33 -120.18  0.76E-13
  9  2  31.38 -120.18  0.83E-13
  9  2  31.43 -120.18  0.76E-13
  9  2  31.48 -120.18  0.46E-13
  9  2  31.53 -120.18  0.68E-13
  9  2  31.58 -120.18  0.76E-13
  9  2  31.63 -120.18  0.15E-13
  9  2  31.68 -120.18  0.15E-13
  9  2  31.03 -120.13  0.76E-14
  9  2  31.08 -120.13  0.76E-14
  9  2  31.13 -120.13  0.23E-13
  9  2  31.18 -120.13  0.30E-13
  9  2  31.23 -120.13  0.30E-13
  9  2  31.28 -120.13  0.91E-13
  9  2  31.33 -120.13  0.91E-13
  9  2  31.38 -120.13  0.53E-13
  9  2  31.43 -120.13  0.53E-13
  9  2  31.48 -120.13  0.53E-13
  9  2  31.53 -120.13  0.76E-14
  9  2  31.68 -120.13  0.23E-13
  9  2  31.73 -120.13  0.38E-13
  9  2  31.78 -120.13  0.23E-13
  9  2  31.83 -120.13  0.76E-14
  9  2  31.88 -120.13  0.23E-13
  9  2  31.93 -120.13  0.76E-14
  9  2  31.03 -120.08  0.76E-14
  9  2  31.08 -120.08  0.15E-13
  9  2  31.23 -120.08  0.15E-13
  9  2  31.28 -120.08  0.38E-13
  9  2  31.33 -120.08  0.45E-13
  9  2  31.38 -120.08  0.30E-13
  9  2  31.43 -120.08  0.38E-13
  9  2  31.48 -120.08  0.38E-13
  9  2  31.53 -120.08  0.30E-13
  9  2  31.58 -120.08  0.53E-13
  9  2  31.63 -120.08  0.30E-13
  9  2  31.68 -120.08  0.23E-13
  9  2  30.93 -120.03  0.23E-13
  9  2  30.98 -120.03  0.23E-13
  9  2  31.03 -120.03  0.75E-14
  9  2  31.08 -120.03  0.23E-13
  9  2  31.13 -120.03  0.38E-13
  9  2  31.18 -120.03  0.23E-13
  9  2  31.23 -120.03  0.30E-13
  9  2  31.28 -120.03  0.53E-13
  9  2  31.33 -120.03  0.61E-13
  9  2  31.38 -120.03  0.12E-12
  9  2  31.43 -120.03  0.14E-12
  9  2  31.48 -120.03  0.15E-12
  9  2  31.53 -120.03  0.11E-12
  9  2  31.58 -120.03  0.84E-13
  9  2  31.63 -120.03  0.53E-13
  9  2  31.68 -120.03  0.23E-13
  9  2  31.73 -120.03  0.23E-13
  9  2  31.78 -120.03  0.30E-13
  9  2  31.83 -120.03  0.30E-13
  9  2  31.88 -120.03  0.30E-13
  9  2  31.93 -120.03  0.23E-13
  9  2  30.88 -119.98  0.75E-14
  9  2  30.93 -119.98  0.15E-13
  9  2  31.03 -119.98  0.76E-14
  9  2  31.08 -119.98  0.38E-13
  9  2  31.13 -119.98  0.38E-13
  9  2  31.18 -119.98  0.38E-13
  9  2  31.23 -119.98  0.68E-13
  9  2  31.28 -119.98  0.91E-13
  9  2  31.33 -119.98  0.15E-12
  9  2  31.38 -119.98  0.14E-12
  9  2  31.43 -119.98  0.15E-12
  9  2  31.48 -119.98  0.14E-12
  9  2  31.53 -119.98  0.17E-12
  9  2  31.58 -119.98  0.91E-13
  9  2  31.63 -119.98  0.38E-13
  9  2  31.68 -119.98  0.23E-13
  9  2  31.73 -119.98  0.76E-14
  9  2  30.98 -119.93  0.30E-13
  9  2  31.03 -119.93  0.45E-13
  9  2  31.08 -119.93  0.45E-13
  9  2  31.13 -119.93  0.98E-13
  9  2  31.18 -119.93  0.17E-12
  9  2  31.23 -119.93  0.12E-12
  9  2  31.28 -119.93  0.18E-12
  9  2  31.33 -119.93  0.20E-12
  9  2  31.38 -119.93  0.23E-12
  9  2  31.43 -119.93  0.17E-12
  9  2  31.48 -119.93  0.13E-12
  9  2  31.53 -119.93  0.14E-12
  9  2  31.58 -119.93  0.12E-12
  9  2  31.63 -119.93  0.11E-12
  9  2  31.68 -119.93  0.84E-13
  9  2  31.73 -119.93  0.46E-13
  9  2  31.78 -119.93  0.30E-13
  9  2  31.08 -119.88  0.76E-14
  9  2  31.23 -119.88  0.76E-14
  9  2  31.28 -119.88  0.61E-13
  9  2  31.33 -119.88  0.83E-13
  9  2  31.38 -119.88  0.76E-13
  9  2  31.43 -119.88  0.17E-12
  9  2  31.48 -119.88  0.18E-12
  9  2  31.53 -119.88  0.21E-12
  9  2  31.58 -119.88  0.16E-12
  9  2  31.63 -119.88  0.11E-12
  9  2  31.68 -119.88  0.84E-13
  9  2  31.73 -119.88  0.68E-13
  9  2  31.78 -119.88  0.46E-13
  9  2  31.83 -119.88  0.76E-14
  9  2  31.03 -119.83  0.15E-13
  9  2  31.08 -119.83  0.38E-13
  9  2  31.13 -119.83  0.53E-13
  9  2  31.18 -119.83  0.83E-13
  9  2  31.23 -119.83  0.12E-12
  9  2  31.28 -119.83  0.27E-12
  9  2  31.33 -119.83  0.32E-12
  9  2  31.38 -119.83  0.35E-12
  9  2  31.43 -119.83  0.37E-12
  9  2  31.48 -119.83  0.28E-12
  9  2  31.53 -119.83  0.31E-12
  9  2  31.58 -119.83  0.22E-12
  9  2  31.63 -119.83  0.22E-12
  9  2  31.68 -119.83  0.19E-12
  9  2  31.73 -119.83  0.16E-12
  9  2  31.78 -119.83  0.16E-12
  9  2  31.83 -119.83  0.15E-12
  9  2  31.88 -119.83  0.69E-13
  9  2  31.93 -119.83  0.46E-13
  9  2  31.98 -119.83  0.76E-14
  9  2  32.03 -119.83  0.31E-13
  9  2  32.08 -119.83  0.76E-14
  9  2  32.18 -119.83  0.76E-14
  9  2  32.23 -119.83  0.76E-14
  9  2  31.03 -119.78  0.76E-14
  9  2  31.08 -119.78  0.23E-13
  9  2  31.13 -119.78  0.15E-13
  9  2  31.18 -119.78  0.91E-13
  9  2  31.23 -119.78  0.11E-12
  9  2  31.28 -119.78  0.98E-13
  9  2  31.33 -119.78  0.61E-13
  9  2  31.38 -119.78  0.14E-12
  9  2  31.43 -119.78  0.20E-12
  9  2  31.48 -119.78  0.27E-12
  9  2  31.53 -119.78  0.32E-12
  9  2  31.58 -119.78  0.25E-12
  9  2  31.63 -119.78  0.31E-12
  9  2  31.68 -119.78  0.26E-12
  9  2  31.73 -119.78  0.20E-12
  9  2  31.78 -119.78  0.14E-12
  9  2  31.83 -119.78  0.76E-13
  9  2  31.88 -119.78  0.53E-13
  9  2  31.93 -119.78  0.23E-13
  9  2  30.98 -119.73  0.75E-14
  9  2  31.03 -119.73  0.45E-13
  9  2  31.08 -119.73  0.76E-14
  9  2  31.13 -119.73  0.23E-13
  9  2  31.18 -119.73  0.11E-12
  9  2  31.23 -119.73  0.18E-12
  9  2  31.28 -119.73  0.18E-12
  9  2  31.33 -119.73  0.23E-12
  9  2  31.38 -119.73  0.18E-12
  9  2  31.43 -119.73  0.29E-12
  9  2  31.48 -119.73  0.24E-12
  9  2  31.53 -119.73  0.24E-12
  9  2  31.58 -119.73  0.26E-12
  9  2  31.63 -119.73  0.33E-12
  9  2  31.68 -119.73  0.27E-12
  9  2  31.73 -119.73  0.23E-12
  9  2  31.78 -119.73  0.15E-12
  9  2  31.83 -119.73  0.46E-13
  9  2  31.88 -119.73  0.15E-13
  9  2  31.93 -119.73  0.46E-13
  9  2  31.98 -119.73  0.46E-13
  9  2  32.03 -119.73  0.53E-13
  9  2  31.08 -119.68  0.76E-14
  9  2  31.13 -119.68  0.76E-14
  9  2  31.18 -119.68  0.30E-13
  9  2  31.23 -119.68  0.68E-13
  9  2  31.28 -119.68  0.11E-12
  9  2  31.33 -119.68  0.20E-12
  9  2  31.38 -119.68  0.24E-12
  9  2  31.43 -119.68  0.46E-12
  9  2  31.48 -119.68  0.50E-12
  9  2  31.53 -119.68  0.45E-12
  9  2  31.58 -119.68  0.46E-12
  9  2  31.63 -119.68  0.42E-12
  9  2  31.68 -119.68  0.31E-12
  9  2  31.73 -119.68  0.22E-12
  9  2  31.78 -119.68  0.12E-12
  9  2  31.83 -119.68  0.14E-12
  9  2  31.88 -119.68  0.12E-12
  9  2  31.93 -119.68  0.11E-12
  9  2  31.98 -119.68  0.46E-13
  9  2  32.03 -119.68  0.46E-13
  9  2  32.08 -119.68  0.38E-13
  9  2  32.13 -119.68  0.38E-13
  9  2  32.18 -119.68  0.23E-13
  9  2  30.88 -119.63  0.75E-14
  9  2  30.93 -119.63  0.60E-13
  9  2  30.98 -119.63  0.30E-13
  9  2  31.03 -119.63  0.76E-14
  9  2  31.08 -119.63  0.30E-13
  9  2  31.13 -119.63  0.30E-13
  9  2  31.18 -119.63  0.30E-13
  9  2  31.23 -119.63  0.12E-12
  9  2  31.28 -119.63  0.32E-12
  9  2  31.33 -119.63  0.38E-12
  9  2  31.38 -119.63  0.35E-12
  9  2  31.43 -119.63  0.27E-12
  9  2  31.48 -119.63  0.20E-12
  9  2  31.53 -119.63  0.35E-12
  9  2  31.58 -119.63  0.41E-12
  9  2  31.63 -119.63  0.43E-12
  9  2  31.68 -119.63  0.43E-12
  9  2  31.73 -119.63  0.48E-12
  9  2  31.78 -119.63  0.24E-12
  9  2  31.83 -119.63  0.18E-12
  9  2  31.88 -119.63  0.12E-12
  9  2  31.93 -119.63  0.69E-13
  9  2  31.98 -119.63  0.61E-13
  9  2  32.03 -119.63  0.99E-13
  9  2  32.08 -119.63  0.84E-13
  9  2  32.13 -119.63  0.53E-13
  9  2  32.18 -119.63  0.76E-14
  9  2  32.23 -119.63  0.76E-14
  9  2  31.08 -119.58  0.15E-13
  9  2  31.13 -119.58  0.38E-13
  9  2  31.18 -119.58  0.83E-13
  9  2  31.23 -119.58  0.76E-13
  9  2  31.28 -119.58  0.14E-12
  9  2  31.33 -119.58  0.17E-12
  9  2  31.38 -119.58  0.27E-12
  9  2  31.43 -119.58  0.43E-12
  9  2  31.48 -119.58  0.39E-12
  9  2  31.53 -119.58  0.38E-12
  9  2  31.58 -119.58  0.46E-12
  9  2  31.63 -119.58  0.43E-12
  9  2  31.68 -119.58  0.42E-12
  9  2  31.73 -119.58  0.39E-12
  9  2  31.78 -119.58  0.28E-12
  9  2  31.83 -119.58  0.30E-12
  9  2  31.88 -119.58  0.30E-12
  9  2  31.93 -119.58  0.22E-12
  9  2  31.98 -119.58  0.19E-12
  9  2  32.03 -119.58  0.17E-12
  9  2  32.08 -119.58  0.69E-13
  9  2  32.13 -119.58  0.53E-13
  9  2  32.18 -119.58  0.76E-14
  9  2  32.53 -119.58  0.46E-13
  9  2  31.08 -119.53  0.23E-13
  9  2  31.13 -119.53  0.60E-13
  9  2  31.18 -119.53  0.60E-13
  9  2  31.23 -119.53  0.61E-13
  9  2  31.28 -119.53  0.14E-12
  9  2  31.33 -119.53  0.28E-12
  9  2  31.38 -119.53  0.36E-12
  9  2  31.43 -119.53  0.34E-12
  9  2  31.48 -119.53  0.32E-12
  9  2  31.53 -119.53  0.34E-12
  9  2  31.58 -119.53  0.42E-12
  9  2  31.63 -119.53  0.53E-12
  9  2  31.68 -119.53  0.62E-12
  9  2  31.73 -119.53  0.55E-12
  9  2  31.78 -119.53  0.52E-12
  9  2  31.83 -119.53  0.36E-12
  9  2  31.88 -119.53  0.33E-12
  9  2  31.93 -119.53  0.24E-12
  9  2  31.98 -119.53  0.17E-12
  9  2  32.03 -119.53  0.13E-12
  9  2  32.08 -119.53  0.11E-12
  9  2  32.13 -119.53  0.76E-13
  9  2  32.18 -119.53  0.12E-12
  9  2  32.23 -119.53  0.69E-13
  9  2  32.28 -119.53  0.23E-13
  9  2  32.33 -119.53  0.31E-13
  9  2  32.43 -119.53  0.31E-13
  9  2  32.48 -119.53  0.46E-13
  9  2  31.13 -119.48  0.76E-14
  9  2  31.18 -119.48  0.53E-13
  9  2  31.23 -119.48  0.98E-13
  9  2  31.28 -119.48  0.20E-12
  9  2  31.33 -119.48  0.17E-12
  9  2  31.38 -119.48  0.15E-12
  9  2  31.43 -119.48  0.18E-12
  9  2  31.48 -119.48  0.29E-12
  9  2  31.53 -119.48  0.39E-12
  9  2  31.58 -119.48  0.54E-12
  9  2  31.63 -119.48  0.50E-12
  9  2  31.68 -119.48  0.63E-12
  9  2  31.73 -119.48  0.48E-12
  9  2  31.78 -119.48  0.43E-12
  9  2  31.83 -119.48  0.48E-12
  9  2  31.88 -119.48  0.46E-12
  9  2  31.93 -119.48  0.39E-12
  9  2  31.98 -119.48  0.35E-12
  9  2  32.03 -119.48  0.23E-12
  9  2  32.08 -119.48  0.26E-12
  9  2  32.13 -119.48  0.21E-12
  9  2  32.18 -119.48  0.84E-13
  9  2  32.23 -119.48  0.76E-13
  9  2  32.28 -119.48  0.31E-13
  9  2  32.33 -119.48  0.77E-14
  9  2  32.38 -119.48  0.38E-13
  9  2  32.43 -119.48  0.15E-13
  9  2  31.28 -119.43  0.83E-13
  9  2  31.33 -119.43  0.15E-12
  9  2  31.38 -119.43  0.17E-12
  9  2  31.43 -119.43  0.31E-12
  9  2  31.48 -119.43  0.36E-12
  9  2  31.53 -119.43  0.43E-12
  9  2  31.58 -119.43  0.42E-12
  9  2  31.63 -119.43  0.49E-12
  9  2  31.68 -119.43  0.52E-12
  9  2  31.73 -119.43  0.72E-12
  9  2  31.78 -119.43  0.75E-12
  9  2  31.83 -119.43  0.72E-12
  9  2  31.88 -119.43  0.55E-12
  9  2  31.93 -119.43  0.55E-12
  9  2  31.98 -119.43  0.40E-12
  9  2  32.03 -119.43  0.30E-12
  9  2  32.08 -119.43  0.15E-12
  9  2  32.13 -119.43  0.21E-12
  9  2  32.18 -119.43  0.25E-12
  9  2  32.23 -119.43  0.21E-12
  9  2  32.28 -119.43  0.14E-12
  9  2  32.33 -119.43  0.10E-12
  9  2  32.38 -119.43  0.69E-13
  9  2  32.43 -119.43  0.77E-14
  9  2  32.58 -119.43  0.23E-13
  9  2  32.63 -119.43  0.15E-13
  9  2  31.18 -119.38  0.15E-13
  9  2  31.23 -119.38  0.61E-13
  9  2  31.28 -119.38  0.76E-13
  9  2  31.33 -119.38  0.91E-13
  9  2  31.38 -119.38  0.13E-12
  9  2  31.43 -119.38  0.21E-12
  9  2  31.48 -119.38  0.33E-12
  9  2  31.53 -119.38  0.48E-12
  9  2  31.58 -119.38  0.47E-12
  9  2  31.63 -119.38  0.77E-12
  9  2  31.68 -119.38  0.71E-12
  9  2  31.73 -119.38  0.59E-12
  9  2  31.78 -119.38  0.59E-12
  9  2  31.83 -119.38  0.60E-12
  9  2  31.88 -119.38  0.54E-12
  9  2  31.93 -119.38  0.39E-12
  9  2  31.98 -119.38  0.44E-12
  9  2  32.03 -119.38  0.38E-12
  9  2  32.08 -119.38  0.39E-12
  9  2  32.13 -119.38  0.32E-12
  9  2  32.18 -119.38  0.28E-12
  9  2  32.23 -119.38  0.15E-12
  9  2  32.28 -119.38  0.92E-13
  9  2  32.33 -119.38  0.10E-12
  9  2  32.38 -119.38  0.77E-13
  9  2  32.43 -119.38  0.23E-13
  9  2  32.53 -119.38  0.31E-13
  9  2  32.58 -119.38  0.23E-13
  9  2  31.23 -119.33  0.23E-13
  9  2  31.28 -119.33  0.12E-12
  9  2  31.33 -119.33  0.20E-12
  9  2  31.38 -119.33  0.22E-12
  9  2  31.43 -119.33  0.30E-12
  9  2  31.48 -119.33  0.36E-12
  9  2  31.53 -119.33  0.24E-12
  9  2  31.58 -119.33  0.36E-12
  9  2  31.63 -119.33  0.42E-12
  9  2  31.68 -119.33  0.50E-12
  9  2  31.73 -119.33  0.64E-12
  9  2  31.78 -119.33  0.67E-12
  9  2  31.83 -119.33  0.56E-12
  9  2  31.88 -119.33  0.59E-12
  9  2  31.93 -119.33  0.47E-12
  9  2  31.98 -119.33  0.46E-12
  9  2  32.03 -119.33  0.51E-12
  9  2  32.08 -119.33  0.50E-12
  9  2  32.13 -119.33  0.34E-12
  9  2  32.18 -119.33  0.17E-12
  9  2  32.23 -119.33  0.99E-13
  9  2  32.28 -119.33  0.99E-13
  9  2  32.33 -119.33  0.15E-12
  9  2  32.38 -119.33  0.77E-13
  9  2  32.43 -119.33  0.15E-13
  9  2  32.48 -119.33  0.54E-13
  9  2  32.53 -119.33  0.61E-13
  9  2  32.58 -119.33  0.23E-13
  9  2  32.63 -119.33  0.46E-13
  9  2  31.23 -119.28  0.45E-13
  9  2  31.28 -119.28  0.91E-13
  9  2  31.33 -119.28  0.83E-13
  9  2  31.38 -119.28  0.68E-13
  9  2  31.43 -119.28  0.99E-13
  9  2  31.48 -119.28  0.11E-12
  9  2  31.53 -119.28  0.20E-12
  9  2  31.58 -119.28  0.34E-12
  9  2  31.63 -119.28  0.46E-12
  9  2  31.68 -119.28  0.37E-12
  9  2  31.73 -119.28  0.38E-12
  9  2  31.78 -119.28  0.43E-12
  9  2  31.83 -119.28  0.41E-12
  9  2  31.88 -119.28  0.43E-12
  9  2  31.93 -119.28  0.48E-12
  9  2  31.98 -119.28  0.59E-12
  9  2  32.03 -119.28  0.50E-12
  9  2  32.08 -119.28  0.42E-12
  9  2  32.13 -119.28  0.40E-12
  9  2  32.18 -119.28  0.32E-12
  9  2  32.23 -119.28  0.22E-12
  9  2  32.28 -119.28  0.31E-12
  9  2  32.33 -119.28  0.15E-12
  9  2  32.38 -119.28  0.69E-13
  9  2  32.43 -119.28  0.15E-12
  9  2  32.48 -119.28  0.11E-12
  9  2  32.53 -119.28  0.38E-13
  9  2  32.58 -119.28  0.46E-13
  9  2  32.63 -119.28  0.46E-13
  9  2  32.68 -119.28  0.31E-13
  9  2  32.73 -119.28  0.15E-13
  9  2  31.18 -119.23  0.76E-14
  9  2  31.23 -119.23  0.45E-13
  9  2  31.28 -119.23  0.68E-13
  9  2  31.33 -119.23  0.30E-13
  9  2  31.38 -119.23  0.30E-13
  9  2  31.43 -119.23  0.83E-13
  9  2  31.48 -119.23  0.83E-13
  9  2  31.53 -119.23  0.22E-12
  9  2  31.58 -119.23  0.19E-12
  9  2  31.63 -119.23  0.15E-12
  9  2  31.68 -119.23  0.28E-12
  9  2  31.73 -119.23  0.42E-12
  9  2  31.78 -119.23  0.34E-12
  9  2  31.83 -119.23  0.49E-12
  9  2  31.88 -119.23  0.48E-12
  9  2  31.93 -119.23  0.44E-12
  9  2  31.98 -119.23  0.54E-12
  9  2  32.03 -119.23  0.47E-12
  9  2  32.08 -119.23  0.33E-12
  9  2  32.13 -119.23  0.45E-12
  9  2  32.18 -119.23  0.43E-12
  9  2  32.23 -119.23  0.38E-12
  9  2  32.28 -119.23  0.22E-12
  9  2  32.33 -119.23  0.18E-12
  9  2  32.38 -119.23  0.20E-12
  9  2  32.43 -119.23  0.14E-12
  9  2  32.48 -119.23  0.11E-12
  9  2  32.53 -119.23  0.69E-13
  9  2  32.58 -119.23  0.46E-13
  9  2  32.63 -119.23  0.46E-13
  9  2  32.68 -119.23  0.38E-13
  9  2  31.38 -119.18  0.15E-13
  9  2  31.43 -119.18  0.23E-13
  9  2  31.48 -119.18  0.61E-13
  9  2  31.53 -119.18  0.13E-12
  9  2  31.58 -119.18  0.21E-12
  9  2  31.63 -119.18  0.46E-12
  9  2  31.68 -119.18  0.45E-12
  9  2  31.73 -119.18  0.52E-12
  9  2  31.78 -119.18  0.47E-12
  9  2  31.83 -119.18  0.45E-12
  9  2  31.88 -119.18  0.45E-12
  9  2  31.93 -119.18  0.45E-12
  9  2  31.98 -119.18  0.50E-12
  9  2  32.03 -119.18  0.40E-12
  9  2  32.08 -119.18  0.42E-12
  9  2  32.13 -119.18  0.45E-12
  9  2  32.18 -119.18  0.54E-12
  9  2  32.23 -119.18  0.30E-12
  9  2  32.28 -119.18  0.27E-12
  9  2  32.33 -119.18  0.20E-12
  9  2  32.38 -119.18  0.25E-12
  9  2  32.43 -119.18  0.19E-12
  9  2  32.48 -119.18  0.84E-13
  9  2  32.53 -119.18  0.84E-13
  9  2  32.58 -119.18  0.54E-13
  9  2  32.63 -119.18  0.31E-13
  9  2  31.38 -119.13  0.23E-13
  9  2  31.43 -119.13  0.30E-13
  9  2  31.48 -119.13  0.12E-12
  9  2  31.53 -119.13  0.11E-12
  9  2  31.58 -119.13  0.18E-12
  9  2  31.63 -119.13  0.23E-12
  9  2  31.68 -119.13  0.22E-12
  9  2  31.73 -119.13  0.25E-12
  9  2  31.78 -119.13  0.30E-12
  9  2  31.83 -119.13  0.34E-12
  9  2  31.88 -119.13  0.34E-12
  9  2  31.93 -119.13  0.38E-12
  9  2  31.98 -119.13  0.47E-12
  9  2  32.03 -119.13  0.51E-12
  9  2  32.08 -119.13  0.51E-12
  9  2  32.13 -119.13  0.47E-12
  9  2  32.18 -119.13  0.41E-12
  9  2  32.23 -119.13  0.34E-12
  9  2  32.28 -119.13  0.27E-12
  9  2  32.33 -119.13  0.45E-12
  9  2  32.38 -119.13  0.31E-12
  9  2  32.43 -119.13  0.15E-12
  9  2  32.48 -119.13  0.11E-12
  9  2  32.53 -119.13  0.84E-13
  9  2  32.58 -119.13  0.23E-13
  9  2  32.63 -119.13  0.15E-13
  9  2  32.73 -119.13  0.15E-13
  9  2  32.78 -119.13  0.23E-13
  9  2  31.48 -119.08  0.15E-13
  9  2  31.53 -119.08  0.30E-13
  9  2  31.58 -119.08  0.15E-13
  9  2  31.63 -119.08  0.61E-13
  9  2  31.68 -119.08  0.14E-12
  9  2  31.73 -119.08  0.12E-12
  9  2  31.78 -119.08  0.20E-12
  9  2  31.83 -119.08  0.30E-12
  9  2  31.88 -119.08  0.35E-12
  9  2  31.93 -119.08  0.33E-12
  9  2  31.98 -119.08  0.48E-12
  9  2  32.03 -119.08  0.56E-12
  9  2  32.08 -119.08  0.52E-12
  9  2  32.13 -119.08  0.47E-12
  9  2  32.18 -119.08  0.50E-12
  9  2  32.23 -119.08  0.51E-12
  9  2  32.28 -119.08  0.56E-12
  9  2  32.33 -119.08  0.38E-12
  9  2  32.38 -119.08  0.28E-12
  9  2  32.43 -119.08  0.25E-12
  9  2  32.48 -119.08  0.15E-12
  9  2  32.53 -119.08  0.11E-12
  9  2  32.58 -119.08  0.84E-13
  9  2  32.63 -119.08  0.15E-13
  9  2  32.68 -119.08  0.38E-13
  9  2  32.73 -119.08  0.62E-13
  9  2  32.78 -119.08  0.15E-13
  9  2  31.38 -119.03  0.23E-13
  9  2  31.43 -119.03  0.76E-14
  9  2  31.68 -119.03  0.30E-13
  9  2  31.73 -119.03  0.84E-13
  9  2  31.78 -119.03  0.22E-12
  9  2  31.83 -119.03  0.24E-12
  9  2  31.88 -119.03  0.21E-12
  9  2  31.93 -119.03  0.23E-12
  9  2  31.98 -119.03  0.18E-12
  9  2  32.03 -119.03  0.36E-12
  9  2  32.08 -119.03  0.37E-12
  9  2  32.13 -119.03  0.38E-12
  9  2  32.18 -119.03  0.43E-12
  9  2  32.23 -119.03  0.47E-12
  9  2  32.28 -119.03  0.51E-12
  9  2  32.33 -119.03  0.51E-12
  9  2  32.38 -119.03  0.40E-12
  9  2  32.43 -119.03  0.24E-12
  9  2  32.48 -119.03  0.21E-12
  9  2  32.53 -119.03  0.14E-12
  9  2  32.58 -119.03  0.15E-12
  9  2  32.63 -119.03  0.54E-13
  9  2  32.68 -119.03  0.77E-13
  9  2  32.73 -119.03  0.15E-13
  9  2  32.88 -119.03  0.15E-13
  9  2  32.93 -119.03  0.77E-14
  9  2  32.98 -119.03  0.15E-13
  9  2  33.03 -119.03  0.15E-13
  9  2  31.63 -118.98  0.23E-13
  9  2  31.68 -118.98  0.11E-12
  9  2  31.73 -118.98  0.11E-12
  9  2  31.78 -118.98  0.61E-13
  9  2  31.83 -118.98  0.99E-13
  9  2  31.88 -118.98  0.53E-13
  9  2  31.93 -118.98  0.84E-13
  9  2  31.98 -118.98  0.16E-12
  9  2  32.03 -118.98  0.23E-12
  9  2  32.08 -118.98  0.34E-12
  9  2  32.13 -118.98  0.53E-12
  9  2  32.18 -118.98  0.67E-12
  9  2  32.23 -118.98  0.69E-12
  9  2  32.28 -118.98  0.55E-12
  9  2  32.33 -118.98  0.54E-12
  9  2  32.38 -118.98  0.37E-12
  9  2  32.43 -118.98  0.19E-12
  9  2  32.48 -118.98  0.10E-12
  9  2  32.53 -118.98  0.20E-12
  9  2  32.58 -118.98  0.22E-12
  9  2  32.63 -118.98  0.85E-13
  9  2  32.68 -118.98  0.12E-12
  9  2  32.73 -118.98  0.69E-13
  9  2  32.78 -118.98  0.77E-14
  9  2  32.83 -118.98  0.23E-13
  9  2  32.88 -118.98  0.46E-13
  9  2  32.98 -118.98  0.39E-13
  9  2  31.58 -118.93  0.15E-13
  9  2  31.63 -118.93  0.61E-13
  9  2  31.68 -118.93  0.38E-13
  9  2  31.73 -118.93  0.38E-13
  9  2  31.78 -118.93  0.76E-14
  9  2  31.83 -118.93  0.38E-13
  9  2  31.88 -118.93  0.99E-13
  9  2  31.93 -118.93  0.14E-12
  9  2  31.98 -118.93  0.25E-12
  9  2  32.03 -118.93  0.24E-12
  9  2  32.08 -118.93  0.40E-12
  9  2  32.13 -118.93  0.44E-12
  9  2  32.18 -118.93  0.46E-12
  9  2  32.23 -118.93  0.40E-12
  9  2  32.28 -118.93  0.60E-12
  9  2  32.33 -118.93  0.40E-12
  9  2  32.38 -118.93  0.16E-12
  9  2  32.43 -118.93  0.11E-12
  9  2  32.48 -118.93  0.21E-12
  9  2  32.53 -118.93  0.25E-12
  9  2  32.58 -118.93  0.18E-12
  9  2  32.63 -118.93  0.19E-12
  9  2  32.68 -118.93  0.12E-12
  9  2  32.73 -118.93  0.10E-12
  9  2  32.78 -118.93  0.46E-13
  9  2  32.83 -118.93  0.92E-13
  9  2  32.88 -118.93  0.77E-14
  9  2  32.98 -118.93  0.31E-13
  9  2  31.58 -118.88  0.76E-14
  9  2  31.68 -118.88  0.15E-13
  9  2  31.73 -118.88  0.30E-13
  9  2  31.78 -118.88  0.38E-13
  9  2  31.83 -118.88  0.30E-13
  9  2  31.88 -118.88  0.69E-13
  9  2  31.93 -118.88  0.11E-12
  9  2  31.98 -118.88  0.12E-12
  9  2  32.03 -118.88  0.15E-12
  9  2  32.08 -118.88  0.28E-12
  9  2  32.13 -118.88  0.40E-12
  9  2  32.18 -118.88  0.42E-12
  9  2  32.23 -118.88  0.40E-12
  9  2  32.28 -118.88  0.24E-12
  9  2  32.33 -118.88  0.16E-12
  9  2  32.38 -118.88  0.15E-12
  9  2  32.43 -118.88  0.29E-12
  9  2  32.48 -118.88  0.22E-12
  9  2  32.53 -118.88  0.29E-12
  9  2  32.58 -118.88  0.40E-12
  9  2  32.63 -118.88  0.24E-12
  9  2  32.68 -118.88  0.85E-13
  9  2  32.73 -118.88  0.77E-13
  9  2  32.78 -118.88  0.92E-13
  9  2  32.83 -118.88  0.38E-13
  9  2  32.88 -118.88  0.77E-14
  9  2  32.93 -118.88  0.23E-13
  9  2  32.98 -118.88  0.23E-13
  9  2  31.88 -118.83  0.76E-14
  9  2  31.93 -118.83  0.91E-13
  9  2  31.98 -118.83  0.21E-12
  9  2  32.03 -118.83  0.19E-12
  9  2  32.08 -118.83  0.15E-12
  9  2  32.13 -118.83  0.14E-12
  9  2  32.18 -118.83  0.14E-12
  9  2  32.23 -118.83  0.16E-12
  9  2  32.28 -118.83  0.84E-13
  9  2  32.33 -118.83  0.21E-12
  9  2  32.38 -118.83  0.35E-12
  9  2  32.43 -118.83  0.11E-12
  9  2  32.48 -118.83  0.27E-12
  9  2  32.53 -118.83  0.36E-12
  9  2  32.58 -118.83  0.30E-12
  9  2  32.63 -118.83  0.18E-12
  9  2  32.68 -118.83  0.10E-12
  9  2  32.73 -118.83  0.69E-13
  9  2  32.78 -118.83  0.69E-13
  9  2  32.83 -118.83  0.31E-13
  9  2  32.88 -118.83  0.54E-13
  9  2  32.93 -118.83  0.15E-13
  9  2  31.83 -118.78  0.30E-13
  9  2  31.88 -118.78  0.23E-13
  9  2  31.93 -118.78  0.23E-13
  9  2  31.98 -118.78  0.31E-13
  9  2  32.03 -118.78  0.76E-14
  9  2  32.08 -118.78  0.53E-13
  9  2  32.13 -118.78  0.16E-12
  9  2  32.18 -118.78  0.99E-13
  9  2  32.23 -118.78  0.92E-13
  9  2  32.28 -118.78  0.24E-12
  9  2  32.33 -118.78  0.31E-12
  9  2  32.38 -118.78  0.25E-12
  9  2  32.43 -118.78  0.29E-12
  9  2  32.48 -118.78  0.35E-12
  9  2  32.53 -118.78  0.35E-12
  9  2  32.58 -118.78  0.10E-12
  9  2  32.63 -118.78  0.14E-12
  9  2  32.68 -118.78  0.20E-12
  9  2  32.73 -118.78  0.12E-12
  9  2  32.78 -118.78  0.46E-13
  9  2  32.83 -118.78  0.85E-13
  9  2  32.88 -118.78  0.62E-13
  9  2  32.93 -118.78  0.54E-13
  9  2  32.98 -118.78  0.77E-14
  9  2  32.03 -118.73  0.61E-13
  9  2  32.08 -118.73  0.61E-13
  9  2  32.13 -118.73  0.53E-13
  9  2  32.18 -118.73  0.54E-13
  9  2  32.23 -118.73  0.24E-12
  9  2  32.28 -118.73  0.18E-12
  9  2  32.33 -118.73  0.19E-12
  9  2  32.38 -118.73  0.17E-12
  9  2  32.43 -118.73  0.18E-12
  9  2  32.48 -118.73  0.30E-12
  9  2  32.53 -118.73  0.13E-12
  9  2  32.58 -118.73  0.21E-12
  9  2  32.63 -118.73  0.22E-12
  9  2  32.68 -118.73  0.16E-12
  9  2  32.73 -118.73  0.92E-13
  9  2  32.78 -118.73  0.92E-13
  9  2  32.83 -118.73  0.69E-13
  9  2  32.88 -118.73  0.23E-13
  9  2  32.93 -118.73  0.69E-13
  9  2  32.98 -118.73  0.31E-13
  9  2  31.88 -118.68  0.76E-14
  9  2  31.93 -118.68  0.30E-13
  9  2  31.98 -118.68  0.61E-13
  9  2  32.03 -118.68  0.38E-13
  9  2  32.08 -118.68  0.15E-13
  9  2  32.13 -118.68  0.61E-13
  9  2  32.18 -118.68  0.11E-12
  9  2  32.23 -118.68  0.76E-13
  9  2  32.28 -118.68  0.11E-12
  9  2  32.33 -118.68  0.61E-13
  9  2  32.38 -118.68  0.15E-12
  9  2  32.43 -118.68  0.10E-12
  9  2  32.48 -118.68  0.69E-13
  9  2  32.53 -118.68  0.18E-12
  9  2  32.58 -118.68  0.24E-12
  9  2  32.63 -118.68  0.25E-12
  9  2  32.68 -118.68  0.61E-13
  9  2  32.73 -118.68  0.77E-13
  9  2  32.78 -118.68  0.13E-12
  9  2  32.83 -118.68  0.62E-13
  9  2  32.88 -118.68  0.77E-13
  9  2  32.93 -118.68  0.23E-13
  9  2  32.98 -118.68  0.31E-13
  9  2  31.83 -118.63  0.76E-14
  9  2  31.88 -118.63  0.23E-13
  9  2  32.18 -118.63  0.15E-13
  9  2  32.23 -118.63  0.61E-13
  9  2  32.28 -118.63  0.77E-14
  9  2  32.33 -118.63  0.23E-13
  9  2  32.38 -118.63  0.15E-13
  9  2  32.43 -118.63  0.54E-13
  9  2  32.48 -118.63  0.54E-13
  9  2  32.53 -118.63  0.13E-12
  9  2  32.58 -118.63  0.22E-12
  9  2  32.63 -118.63  0.19E-12
  9  2  32.68 -118.63  0.69E-13
  9  2  32.73 -118.63  0.38E-13
  9  2  32.78 -118.63  0.11E-12
  9  2  32.83 -118.63  0.39E-13
  9  2  32.88 -118.63  0.46E-13
  9  2  32.93 -118.63  0.54E-13
  9  2  32.98 -118.63  0.46E-13
  9  2  32.13 -118.58  0.15E-13
  9  2  32.18 -118.58  0.31E-13
  9  2  32.38 -118.58  0.77E-14
  9  2  32.43 -118.58  0.23E-13
  9  2  32.48 -118.58  0.15E-13
  9  2  32.53 -118.58  0.61E-13
  9  2  32.58 -118.58  0.15E-12
  9  2  32.63 -118.58  0.77E-13
  9  2  32.73 -118.58  0.92E-13
  9  2  32.78 -118.58  0.77E-14
  9  2  32.83 -118.58  0.85E-13
  9  2  32.88 -118.58  0.23E-13
  9  2  32.93 -118.58  0.69E-13
  9  2  32.98 -118.58  0.62E-13
  9  2  32.33 -118.53  0.23E-13
  9  2  32.38 -118.53  0.38E-13
  9  2  32.48 -118.53  0.23E-13
  9  2  32.53 -118.53  0.84E-13
  9  2  32.58 -118.53  0.54E-13
  9  2  32.68 -118.53  0.23E-13
  9  2  32.73 -118.53  0.10E-12
  9  2  32.78 -118.53  0.46E-13
  9  2  32.83 -118.53  0.38E-13
  9  2  32.88 -118.53  0.77E-13
  9  2  32.93 -118.53  0.62E-13
  9  2  32.98 -118.53  0.77E-14
  9  2  32.28 -118.48  0.31E-13
  9  2  32.33 -118.48  0.77E-14
  9  2  32.48 -118.48  0.77E-14
  9  2  32.53 -118.48  0.38E-13
  9  2  32.68 -118.48  0.31E-13
  9  2  32.73 -118.48  0.31E-13
  9  2  32.78 -118.48  0.38E-13
  9  2  32.88 -118.48  0.54E-13
  9  2  32.93 -118.48  0.31E-13
  9  2  32.23 -118.43  0.46E-13
  9  2  32.28 -118.43  0.77E-14
  9  2  32.48 -118.43  0.77E-14
  9  2  32.68 -118.43  0.31E-13
  9  2  32.73 -118.43  0.77E-14
  9  2  32.83 -118.43  0.39E-13
  9  2  32.88 -118.43  0.15E-13
  9  2  32.93 -118.43  0.23E-13
  9  2  32.23 -118.38  0.76E-14
  9  2  32.38 -118.38  0.77E-14
  9  2  32.68 -118.38  0.15E-13
  9  2  32.73 -118.38  0.77E-14
  9  2  32.83 -118.38  0.15E-13
  9  2  32.88 -118.38  0.77E-14
  9  2  32.63 -118.33  0.77E-14
  9  2  32.68 -118.33  0.15E-13
