DAY HR    LAT     LON TEST00100
  9 14  29.93 -124.08  0.40E-13
  9 14  29.93 -124.03  0.50E-13
  9 14  29.98 -124.03  0.60E-13
  9 14  29.83 -123.83  0.30E-13
  9 14  29.88 -123.83  0.60E-13
  9 14  29.08 -123.68  0.99E-14
  9 14  29.68 -123.63  0.30E-13
  9 14  28.93 -123.53  0.30E-13
  9 14  28.98 -123.48  0.30E-13
  9 14  29.53 -123.48  0.40E-13
  9 14  29.63 -123.48  0.20E-13
  9 14  29.23 -123.38  0.59E-13
  9 14  29.28 -123.38  0.99E-14
  9 14  29.33 -123.38  0.99E-14
  9 14  29.38 -123.38  0.30E-13
  9 14  29.58 -123.33  0.30E-13
  9 14  29.13 -123.28  0.30E-13
  9 14  28.98 -123.18  0.20E-13
  9 14  29.58 -123.18  0.30E-13
  9 14  29.38 -123.13  0.30E-13
  9 14  29.43 -123.13  0.20E-13
  9 14  29.58 -123.13  0.99E-14
  9 14  29.63 -123.13  0.20E-13
  9 14  29.68 -123.08  0.40E-13
  9 14  29.73 -123.08  0.99E-14
  9 14  30.08 -123.08  0.10E-13
  9 14  29.33 -123.03  0.20E-13
  9 14  29.38 -123.03  0.40E-13
  9 14  29.43 -123.03  0.99E-14
  9 14  28.63 -122.98  0.29E-13
  9 14  29.08 -122.93  0.99E-14
  9 14  29.13 -122.93  0.59E-13
  9 14  29.18 -122.93  0.30E-13
  9 14  28.78 -122.88  0.30E-13
  9 14  28.83 -122.88  0.30E-13
  9 14  28.83 -122.83  0.20E-13
  9 14  28.88 -122.83  0.49E-13
  9 14  29.58 -122.83  0.30E-13
  9 14  28.68 -122.78  0.98E-14
  9 14  28.78 -122.73  0.98E-14
  9 14  28.88 -122.73  0.59E-13
  9 14  28.93 -122.73  0.30E-13
  9 14  29.03 -122.73  0.99E-14
  9 14  29.08 -122.73  0.79E-13
  9 14  29.13 -122.73  0.49E-13
  9 14  28.93 -122.68  0.39E-13
  9 14  28.98 -122.68  0.30E-13
  9 14  28.43 -122.63  0.29E-13
  9 14  28.48 -122.63  0.20E-13
  9 14  28.88 -122.58  0.30E-13
  9 14  28.58 -122.53  0.29E-13
  9 14  28.83 -122.53  0.98E-14
  9 14  28.88 -122.53  0.89E-13
  9 14  28.93 -122.53  0.20E-13
  9 14  28.23 -122.43  0.20E-13
  9 14  28.28 -122.43  0.49E-13
  9 14  28.33 -122.43  0.39E-13
  9 14  29.18 -122.33  0.20E-13
  9 14  28.73 -122.28  0.98E-14
  9 14  28.78 -122.28  0.39E-13
  9 14  28.88 -122.28  0.99E-14
  9 14  28.93 -122.28  0.49E-13
  9 14  28.98 -122.28  0.20E-13
  9 14  29.03 -122.28  0.99E-14
  9 14  28.48 -122.23  0.39E-13
  9 14  29.13 -122.18  0.20E-13
  9 14  29.18 -122.18  0.49E-13
  9 14  29.23 -122.18  0.30E-13
  9 14  28.83 -122.08  0.98E-14
  9 14  28.88 -122.08  0.49E-13
  9 14  28.38 -122.03  0.29E-13
  9 14  28.48 -122.03  0.98E-14
  9 14  28.73 -121.93  0.20E-13
  9 14  28.78 -121.93  0.20E-13
  9 14  28.83 -121.93  0.49E-13
  9 14  28.88 -121.93  0.98E-14
  9 14  28.38 -121.88  0.98E-14
  9 14  28.43 -121.88  0.39E-13
  9 14  28.48 -121.88  0.29E-13
  9 14  28.53 -121.88  0.29E-13
  9 14  29.13 -121.88  0.99E-14
  9 14  29.18 -121.88  0.99E-14
  9 14  28.43 -121.83  0.98E-14
  9 14  28.93 -121.83  0.99E-14
  9 14  28.98 -121.83  0.20E-13
  9 14  29.03 -121.83  0.30E-13
  9 14  28.33 -121.78  0.20E-13
  9 14  28.38 -121.78  0.39E-13
  9 14  28.68 -121.78  0.98E-14
  9 14  28.73 -121.78  0.39E-13
  9 14  28.78 -121.78  0.39E-13
  9 14  29.03 -121.78  0.20E-13
  9 14  28.43 -121.68  0.98E-14
  9 14  28.53 -121.68  0.29E-13
  9 14  28.58 -121.68  0.98E-14
  9 14  28.63 -121.68  0.39E-13
  9 14  28.68 -121.68  0.29E-13
  9 14  28.58 -121.63  0.29E-13
  9 14  28.63 -121.63  0.29E-13
  9 14  28.68 -121.63  0.20E-13
  9 14  28.23 -121.58  0.98E-14
  9 14  28.28 -121.58  0.29E-13
  9 14  28.43 -121.58  0.98E-14
  9 14  28.48 -121.58  0.29E-13
  9 14  28.18 -121.53  0.20E-13
  9 14  28.23 -121.53  0.98E-14
  9 14  28.38 -121.53  0.98E-14
  9 14  28.48 -121.53  0.20E-13
  9 14  28.53 -121.53  0.29E-13
  9 14  28.58 -121.53  0.98E-14
  9 14  28.68 -121.53  0.20E-13
  9 14  28.73 -121.53  0.49E-13
  9 14  28.78 -121.53  0.98E-13
  9 14  28.83 -121.53  0.30E-13
  9 14  28.63 -121.48  0.98E-14
  9 14  28.68 -121.48  0.98E-14
  9 14  28.73 -121.48  0.39E-13
  9 14  28.88 -121.48  0.30E-13
  9 14  28.93 -121.48  0.99E-14
  9 14  28.23 -121.43  0.20E-13
  9 14  28.28 -121.43  0.20E-13
  9 14  28.43 -121.43  0.20E-13
  9 14  28.48 -121.43  0.29E-13
  9 14  28.53 -121.43  0.20E-13
  9 14  28.63 -121.43  0.29E-13
  9 14  28.68 -121.43  0.98E-14
  9 14  28.23 -121.38  0.98E-14
  9 14  28.28 -121.38  0.29E-13
  9 14  28.53 -121.33  0.20E-13
  9 14  28.18 -121.28  0.98E-14
  9 14  28.23 -121.28  0.20E-13
  9 14  28.28 -121.28  0.59E-13
  9 14  28.33 -121.28  0.59E-13
  9 14  28.38 -121.28  0.98E-14
  9 14  28.43 -121.28  0.29E-13
  9 14  28.53 -121.28  0.98E-14
  9 14  28.38 -121.23  0.98E-14
  9 14  28.53 -121.23  0.20E-13
  9 14  28.68 -121.23  0.20E-13
  9 14  28.28 -121.18  0.29E-13
  9 14  28.33 -121.18  0.29E-13
  9 14  28.48 -121.18  0.29E-13
  9 14  28.53 -121.18  0.20E-13
  9 14  28.03 -121.03  0.20E-13
  9 14  28.08 -121.03  0.68E-13
  9 14  28.13 -121.03  0.68E-13
  9 14  28.18 -121.03  0.39E-13
  9 14  28.23 -121.03  0.49E-13
  9 14  28.28 -121.03  0.20E-13
  9 14  28.38 -121.03  0.49E-13
  9 14  28.43 -121.03  0.20E-13
  9 14  28.48 -121.03  0.20E-13
  9 14  28.53 -121.03  0.29E-13
  9 14  28.38 -120.98  0.98E-14
  9 14  28.43 -120.98  0.20E-13
  9 14  28.53 -120.98  0.98E-14
  9 14  28.68 -120.98  0.98E-14
  9 14  27.68 -120.93  0.97E-14
  9 14  27.73 -120.93  0.29E-13
  9 14  27.83 -120.93  0.98E-14
  9 14  27.93 -120.93  0.20E-13
  9 14  27.98 -120.93  0.98E-14
  9 14  28.18 -120.93  0.20E-13
  9 14  28.23 -120.93  0.59E-13
  9 14  28.38 -120.93  0.98E-14
  9 14  28.48 -120.88  0.98E-14
  9 14  28.23 -120.83  0.20E-13
  9 14  28.28 -120.83  0.39E-13
  9 14  28.33 -120.83  0.20E-13
  9 14  28.38 -120.83  0.98E-14
  9 14  28.03 -120.78  0.29E-13
  9 14  28.08 -120.78  0.39E-13
  9 14  28.23 -120.78  0.20E-13
  9 14  28.28 -120.78  0.20E-13
  9 14  28.33 -120.78  0.39E-13
  9 14  28.38 -120.78  0.98E-14
  9 14  28.43 -120.78  0.98E-14
  9 14  28.48 -120.78  0.39E-13
  9 14  28.53 -120.78  0.39E-13
  9 14  28.63 -120.78  0.20E-13
  9 14  28.68 -120.78  0.39E-13
  9 14  28.73 -120.78  0.20E-13
  9 14  28.78 -120.78  0.98E-14
  9 14  28.83 -120.78  0.98E-14
  9 14  28.88 -120.78  0.20E-13
  9 14  27.93 -120.73  0.98E-14
  9 14  27.98 -120.73  0.29E-13
  9 14  28.28 -120.73  0.20E-13
  9 14  28.33 -120.73  0.29E-13
  9 14  28.38 -120.73  0.20E-13
  9 14  28.43 -120.73  0.29E-13
  9 14  27.83 -120.68  0.39E-13
  9 14  27.88 -120.68  0.98E-14
  9 14  28.03 -120.68  0.98E-14
  9 14  28.08 -120.68  0.29E-13
  9 14  28.13 -120.68  0.39E-13
  9 14  28.18 -120.68  0.98E-14
  9 14  28.23 -120.68  0.78E-13
  9 14  28.28 -120.68  0.20E-13
  9 14  28.38 -120.68  0.98E-14
  9 14  28.43 -120.68  0.29E-13
  9 14  28.48 -120.68  0.88E-13
  9 14  28.53 -120.68  0.49E-13
  9 14  28.58 -120.68  0.20E-13
  9 14  28.63 -120.68  0.98E-14
  9 14  28.68 -120.68  0.98E-14
  9 14  27.83 -120.63  0.20E-13
  9 14  27.88 -120.63  0.39E-13
  9 14  27.93 -120.63  0.29E-13
  9 14  28.03 -120.63  0.29E-13
  9 14  28.13 -120.63  0.98E-14
  9 14  28.18 -120.63  0.29E-13
  9 14  28.23 -120.63  0.39E-13
  9 14  28.28 -120.63  0.20E-13
  9 14  28.33 -120.63  0.98E-14
  9 14  28.38 -120.63  0.78E-13
  9 14  28.43 -120.63  0.39E-13
  9 14  28.48 -120.63  0.20E-13
  9 14  28.53 -120.63  0.20E-13
  9 14  28.03 -120.58  0.98E-14
  9 14  28.08 -120.58  0.39E-13
  9 14  28.13 -120.58  0.29E-13
  9 14  28.18 -120.58  0.98E-14
  9 14  28.23 -120.58  0.59E-13
  9 14  28.28 -120.58  0.49E-13
  9 14  28.33 -120.58  0.98E-14
  9 14  28.38 -120.58  0.20E-13
  9 14  27.83 -120.53  0.29E-13
  9 14  27.88 -120.53  0.39E-13
  9 14  27.93 -120.53  0.20E-13
  9 14  28.63 -120.53  0.98E-14
  9 14  28.68 -120.53  0.29E-13
  9 14  28.28 -120.48  0.20E-13
  9 14  28.33 -120.48  0.39E-13
  9 14  28.38 -120.48  0.39E-13
  9 14  28.43 -120.48  0.29E-13
  9 14  28.48 -120.48  0.59E-13
  9 14  28.53 -120.48  0.39E-13
  9 14  28.58 -120.48  0.29E-13
  9 14  28.63 -120.48  0.98E-14
  9 14  28.03 -120.43  0.29E-13
  9 14  28.08 -120.43  0.20E-13
  9 14  28.13 -120.43  0.20E-13
  9 14  28.23 -120.43  0.29E-13
  9 14  28.28 -120.43  0.29E-13
  9 14  28.33 -120.43  0.98E-14
  9 14  28.48 -120.43  0.39E-13
  9 14  27.88 -120.38  0.29E-13
  9 14  27.93 -120.38  0.98E-14
  9 14  27.98 -120.38  0.39E-13
  9 14  28.08 -120.38  0.39E-13
  9 14  28.13 -120.38  0.20E-13
  9 14  28.18 -120.38  0.98E-14
  9 14  28.23 -120.38  0.20E-13
  9 14  28.28 -120.38  0.20E-13
  9 14  28.33 -120.38  0.98E-14
  9 14  27.58 -120.33  0.97E-14
  9 14  27.63 -120.33  0.39E-13
  9 14  27.68 -120.33  0.29E-13
  9 14  27.73 -120.33  0.29E-13
  9 14  27.78 -120.33  0.39E-13
  9 14  27.83 -120.33  0.39E-13
  9 14  27.88 -120.33  0.20E-13
  9 14  27.98 -120.33  0.59E-13
  9 14  28.03 -120.33  0.78E-13
  9 14  28.08 -120.33  0.49E-13
  9 14  28.13 -120.33  0.39E-13
  9 14  28.18 -120.33  0.98E-14
  9 14  28.28 -120.33  0.39E-13
  9 14  28.33 -120.33  0.59E-13
  9 14  28.38 -120.33  0.29E-13
  9 14  28.43 -120.33  0.20E-13
  9 14  28.83 -120.33  0.98E-14
  9 14  28.88 -120.33  0.98E-14
  9 14  28.08 -120.28  0.20E-13
  9 14  28.13 -120.28  0.49E-13
  9 14  28.18 -120.28  0.20E-13
  9 14  28.23 -120.28  0.29E-13
  9 14  28.28 -120.28  0.59E-13
  9 14  28.33 -120.28  0.39E-13
  9 14  28.38 -120.28  0.98E-14
  9 14  28.43 -120.28  0.20E-13
  9 14  28.48 -120.28  0.29E-13
  9 14  28.53 -120.28  0.39E-13
  9 14  28.58 -120.28  0.20E-13
  9 14  27.88 -120.23  0.98E-14
  9 14  27.93 -120.23  0.20E-13
  9 14  27.98 -120.23  0.39E-13
  9 14  28.03 -120.23  0.39E-13
  9 14  28.08 -120.23  0.68E-13
  9 14  28.13 -120.23  0.39E-13
  9 14  28.18 -120.23  0.20E-13
  9 14  28.23 -120.23  0.69E-13
  9 14  28.28 -120.23  0.59E-13
  9 14  28.33 -120.23  0.88E-13
  9 14  28.43 -120.23  0.20E-13
  9 14  28.48 -120.23  0.39E-13
  9 14  28.53 -120.23  0.98E-14
  9 14  28.08 -120.18  0.29E-13
  9 14  28.13 -120.18  0.29E-13
  9 14  28.18 -120.18  0.49E-13
  9 14  28.23 -120.18  0.88E-13
  9 14  28.28 -120.18  0.78E-13
  9 14  28.33 -120.18  0.59E-13
  9 14  28.38 -120.18  0.98E-14
  9 14  27.83 -120.13  0.20E-13
  9 14  27.88 -120.13  0.20E-13
  9 14  27.93 -120.13  0.20E-13
  9 14  27.98 -120.13  0.20E-13
  9 14  28.03 -120.13  0.39E-13
  9 14  28.08 -120.13  0.20E-13
  9 14  28.13 -120.13  0.20E-13
  9 14  28.18 -120.13  0.49E-13
  9 14  28.23 -120.13  0.29E-13
  9 14  28.28 -120.13  0.20E-13
  9 14  28.33 -120.13  0.39E-13
  9 14  28.38 -120.13  0.59E-13
  9 14  28.43 -120.13  0.98E-14
  9 14  28.53 -120.13  0.98E-14
  9 14  28.03 -120.08  0.39E-13
  9 14  28.08 -120.08  0.29E-13
  9 14  28.13 -120.08  0.98E-14
  9 14  28.18 -120.08  0.20E-13
  9 14  28.33 -120.08  0.39E-13
  9 14  28.38 -120.08  0.29E-13
  9 14  28.43 -120.08  0.39E-13
  9 14  28.48 -120.08  0.79E-13
  9 14  28.53 -120.08  0.79E-13
  9 14  28.58 -120.08  0.69E-13
  9 14  28.63 -120.08  0.49E-13
  9 14  28.68 -120.08  0.59E-13
  9 14  27.68 -120.03  0.19E-13
  9 14  27.73 -120.03  0.19E-13
  9 14  27.98 -120.03  0.98E-14
  9 14  28.03 -120.03  0.98E-14
  9 14  28.08 -120.03  0.29E-13
  9 14  28.13 -120.03  0.68E-13
  9 14  28.18 -120.03  0.39E-13
  9 14  28.23 -120.03  0.39E-13
  9 14  28.28 -120.03  0.39E-13
  9 14  28.33 -120.03  0.20E-13
  9 14  28.38 -120.03  0.29E-13
  9 14  28.43 -120.03  0.20E-13
  9 14  28.48 -120.03  0.98E-14
  9 14  28.03 -119.98  0.59E-13
  9 14  28.08 -119.98  0.12E-12
  9 14  28.13 -119.98  0.68E-13
  9 14  28.18 -119.98  0.14E-12
  9 14  28.23 -119.98  0.20E-12
  9 14  28.28 -119.98  0.16E-12
  9 14  28.33 -119.98  0.11E-12
  9 14  28.38 -119.98  0.49E-13
  9 14  28.43 -119.98  0.78E-13
  9 14  28.48 -119.98  0.39E-13
  9 14  28.53 -119.98  0.20E-13
  9 14  28.58 -119.98  0.98E-14
  9 14  28.03 -119.93  0.20E-13
  9 14  28.08 -119.93  0.49E-13
  9 14  28.13 -119.93  0.59E-13
  9 14  28.18 -119.93  0.15E-12
  9 14  28.23 -119.93  0.12E-12
  9 14  28.28 -119.93  0.14E-12
  9 14  28.33 -119.93  0.98E-13
  9 14  28.38 -119.93  0.49E-13
  9 14  28.43 -119.93  0.20E-13
  9 14  28.48 -119.93  0.39E-13
  9 14  28.53 -119.93  0.20E-13
  9 14  28.58 -119.93  0.39E-13
  9 14  28.63 -119.93  0.49E-13
  9 14  28.68 -119.93  0.20E-13
  9 14  28.73 -119.93  0.20E-13
  9 14  29.13 -119.93  0.30E-13
  9 14  29.18 -119.93  0.99E-14
  9 14  27.98 -119.88  0.29E-13
  9 14  28.03 -119.88  0.11E-12
  9 14  28.08 -119.88  0.98E-13
  9 14  28.13 -119.88  0.78E-13
  9 14  28.18 -119.88  0.88E-13
  9 14  28.23 -119.88  0.11E-12
  9 14  28.28 -119.88  0.12E-12
  9 14  28.33 -119.88  0.98E-13
  9 14  28.38 -119.88  0.39E-13
  9 14  28.73 -119.88  0.20E-13
  9 14  28.78 -119.88  0.30E-13
  9 14  28.83 -119.88  0.30E-13
  9 14  27.78 -119.83  0.20E-13
  9 14  27.83 -119.83  0.29E-13
  9 14  27.88 -119.83  0.39E-13
  9 14  27.93 -119.83  0.39E-13
  9 14  27.98 -119.83  0.98E-14
  9 14  28.18 -119.83  0.29E-13
  9 14  28.23 -119.83  0.49E-13
  9 14  28.28 -119.83  0.69E-13
  9 14  28.33 -119.83  0.13E-12
  9 14  28.38 -119.83  0.59E-13
  9 14  28.43 -119.83  0.39E-13
  9 14  28.48 -119.83  0.29E-13
  9 14  28.53 -119.83  0.98E-14
  9 14  28.03 -119.78  0.98E-14
  9 14  28.08 -119.78  0.15E-12
  9 14  28.13 -119.78  0.12E-12
  9 14  28.18 -119.78  0.15E-12
  9 14  28.23 -119.78  0.13E-12
  9 14  28.28 -119.78  0.49E-13
  9 14  28.33 -119.78  0.49E-13
  9 14  28.38 -119.78  0.49E-13
  9 14  28.43 -119.78  0.49E-13
  9 14  28.48 -119.78  0.29E-13
  9 14  28.53 -119.78  0.39E-13
  9 14  28.58 -119.78  0.20E-13
  9 14  28.63 -119.78  0.39E-13
  9 14  28.03 -119.73  0.39E-13
  9 14  28.08 -119.73  0.39E-13
  9 14  28.13 -119.73  0.49E-13
  9 14  28.18 -119.73  0.13E-12
  9 14  28.23 -119.73  0.49E-13
  9 14  28.28 -119.73  0.59E-13
  9 14  28.33 -119.73  0.59E-13
  9 14  28.38 -119.73  0.12E-12
  9 14  28.43 -119.73  0.11E-12
  9 14  28.48 -119.73  0.39E-13
  9 14  28.53 -119.73  0.88E-13
  9 14  28.58 -119.73  0.98E-13
  9 14  28.63 -119.73  0.29E-13
  9 14  28.68 -119.73  0.98E-14
  9 14  27.88 -119.68  0.20E-13
  9 14  28.03 -119.68  0.20E-13
  9 14  28.08 -119.68  0.39E-13
  9 14  28.13 -119.68  0.78E-13
  9 14  28.18 -119.68  0.20E-13
  9 14  28.23 -119.68  0.59E-13
  9 14  28.28 -119.68  0.49E-13
  9 14  28.33 -119.68  0.98E-13
  9 14  28.38 -119.68  0.69E-13
  9 14  28.43 -119.68  0.13E-12
  9 14  28.48 -119.68  0.16E-12
  9 14  28.53 -119.68  0.14E-12
  9 14  28.58 -119.68  0.59E-13
  9 14  28.63 -119.68  0.59E-13
  9 14  28.68 -119.68  0.39E-13
  9 14  28.73 -119.68  0.39E-13
  9 14  28.78 -119.68  0.20E-13
  9 14  28.88 -119.68  0.20E-13
  9 14  28.93 -119.68  0.39E-13
  9 14  28.98 -119.68  0.49E-13
  9 14  29.03 -119.68  0.30E-13
  9 14  29.08 -119.68  0.30E-13
  9 14  29.13 -119.68  0.99E-14
  9 14  28.08 -119.63  0.39E-13
  9 14  28.13 -119.63  0.59E-13
  9 14  28.18 -119.63  0.69E-13
  9 14  28.23 -119.63  0.49E-13
  9 14  28.28 -119.63  0.49E-13
  9 14  28.33 -119.63  0.88E-13
  9 14  28.38 -119.63  0.12E-12
  9 14  28.43 -119.63  0.14E-12
  9 14  28.48 -119.63  0.59E-13
  9 14  28.53 -119.63  0.98E-14
  9 14  28.58 -119.63  0.29E-13
  9 14  28.63 -119.63  0.49E-13
  9 14  28.68 -119.63  0.59E-13
  9 14  28.73 -119.63  0.20E-13
  9 14  28.88 -119.63  0.99E-14
  9 14  28.93 -119.63  0.99E-14
  9 14  29.13 -119.63  0.99E-14
  9 14  28.03 -119.58  0.98E-14
  9 14  28.13 -119.58  0.98E-14
  9 14  28.18 -119.58  0.39E-13
  9 14  28.23 -119.58  0.29E-13
  9 14  28.28 -119.58  0.11E-12
  9 14  28.33 -119.58  0.59E-13
  9 14  28.38 -119.58  0.39E-13
  9 14  28.43 -119.58  0.49E-13
  9 14  28.48 -119.58  0.69E-13
  9 14  28.53 -119.58  0.69E-13
  9 14  28.58 -119.58  0.69E-13
  9 14  28.63 -119.58  0.79E-13
  9 14  28.73 -119.58  0.20E-13
  9 14  28.78 -119.58  0.20E-13
  9 14  28.83 -119.58  0.30E-13
  9 14  28.88 -119.58  0.30E-13
  9 14  28.93 -119.58  0.20E-13
  9 14  28.13 -119.53  0.98E-14
  9 14  28.18 -119.53  0.59E-13
  9 14  28.23 -119.53  0.13E-12
  9 14  28.28 -119.53  0.14E-12
  9 14  28.33 -119.53  0.11E-12
  9 14  28.38 -119.53  0.88E-13
  9 14  28.43 -119.53  0.39E-13
  9 14  28.53 -119.53  0.29E-13
  9 14  28.58 -119.53  0.69E-13
  9 14  28.63 -119.53  0.39E-13
  9 14  28.68 -119.53  0.39E-13
  9 14  28.73 -119.53  0.49E-13
  9 14  28.78 -119.53  0.39E-13
  9 14  28.83 -119.53  0.30E-13
  9 14  28.88 -119.53  0.99E-14
  9 14  28.93 -119.53  0.99E-14
  9 14  28.98 -119.53  0.20E-13
  9 14  28.08 -119.48  0.20E-13
  9 14  28.13 -119.48  0.39E-13
  9 14  28.18 -119.48  0.78E-13
  9 14  28.23 -119.48  0.49E-13
  9 14  28.28 -119.48  0.78E-13
  9 14  28.33 -119.48  0.14E-12
  9 14  28.38 -119.48  0.98E-13
  9 14  28.43 -119.48  0.49E-13
  9 14  28.53 -119.48  0.69E-13
  9 14  28.58 -119.48  0.59E-13
  9 14  28.63 -119.48  0.88E-13
  9 14  28.68 -119.48  0.11E-12
  9 14  28.73 -119.48  0.39E-13
  9 14  28.78 -119.48  0.69E-13
  9 14  28.83 -119.48  0.30E-13
  9 14  28.88 -119.48  0.30E-13
  9 14  28.93 -119.48  0.20E-13
  9 14  27.98 -119.43  0.98E-14
  9 14  28.03 -119.43  0.49E-13
  9 14  28.08 -119.43  0.20E-13
  9 14  28.18 -119.43  0.49E-13
  9 14  28.23 -119.43  0.29E-13
  9 14  28.28 -119.43  0.59E-13
  9 14  28.33 -119.43  0.59E-13
  9 14  28.38 -119.43  0.12E-12
  9 14  28.43 -119.43  0.98E-13
  9 14  28.48 -119.43  0.12E-12
  9 14  28.53 -119.43  0.11E-12
  9 14  28.63 -119.43  0.69E-13
  9 14  28.68 -119.43  0.69E-13
  9 14  28.73 -119.43  0.30E-13
  9 14  28.08 -119.38  0.20E-13
  9 14  28.13 -119.38  0.68E-13
  9 14  28.18 -119.38  0.12E-12
  9 14  28.23 -119.38  0.98E-13
  9 14  28.28 -119.38  0.11E-12
  9 14  28.33 -119.38  0.20E-12
  9 14  28.38 -119.38  0.14E-12
  9 14  28.43 -119.38  0.88E-13
  9 14  28.48 -119.38  0.79E-13
  9 14  28.53 -119.38  0.29E-13
  9 14  29.33 -119.38  0.99E-14
  9 14  27.98 -119.33  0.29E-13
  9 14  28.03 -119.33  0.49E-13
  9 14  28.08 -119.33  0.49E-13
  9 14  28.13 -119.33  0.59E-13
  9 14  28.18 -119.33  0.49E-13
  9 14  28.23 -119.33  0.78E-13
  9 14  28.28 -119.33  0.59E-13
  9 14  28.33 -119.33  0.49E-13
  9 14  28.38 -119.33  0.29E-13
  9 14  28.53 -119.33  0.98E-14
  9 14  28.58 -119.33  0.39E-13
  9 14  28.63 -119.33  0.39E-13
  9 14  28.68 -119.33  0.29E-13
  9 14  28.73 -119.33  0.98E-14
  9 14  28.83 -119.33  0.98E-14
  9 14  28.88 -119.33  0.99E-14
  9 14  28.93 -119.33  0.30E-13
  9 14  29.08 -119.33  0.99E-14
  9 14  29.18 -119.33  0.30E-13
  9 14  29.23 -119.33  0.99E-14
  9 14  28.13 -119.28  0.29E-13
  9 14  28.23 -119.28  0.20E-13
  9 14  28.33 -119.28  0.20E-13
  9 14  28.38 -119.28  0.49E-13
  9 14  28.43 -119.28  0.39E-13
  9 14  28.48 -119.28  0.79E-13
  9 14  28.53 -119.28  0.88E-13
  9 14  28.58 -119.28  0.20E-13
  9 14  28.63 -119.28  0.39E-13
  9 14  28.68 -119.28  0.29E-13
  9 14  28.73 -119.28  0.59E-13
  9 14  28.78 -119.28  0.39E-13
  9 14  28.83 -119.28  0.20E-13
  9 14  28.93 -119.28  0.20E-13
  9 14  28.98 -119.28  0.20E-13
  9 14  29.08 -119.28  0.99E-14
  9 14  29.28 -119.28  0.99E-14
  9 14  27.98 -119.23  0.29E-13
  9 14  28.03 -119.23  0.49E-13
  9 14  28.08 -119.23  0.68E-13
  9 14  28.13 -119.23  0.98E-14
  9 14  28.18 -119.23  0.98E-14
  9 14  28.23 -119.23  0.29E-13
  9 14  28.28 -119.23  0.20E-13
  9 14  28.33 -119.23  0.59E-13
  9 14  28.38 -119.23  0.88E-13
  9 14  28.43 -119.23  0.69E-13
  9 14  28.48 -119.23  0.20E-13
  9 14  28.53 -119.23  0.20E-13
  9 14  28.58 -119.23  0.59E-13
  9 14  28.63 -119.23  0.11E-12
  9 14  28.68 -119.23  0.20E-13
  9 14  28.73 -119.23  0.39E-13
  9 14  28.78 -119.23  0.79E-13
  9 14  28.83 -119.23  0.20E-13
  9 14  28.88 -119.23  0.98E-14
  9 14  28.18 -119.18  0.98E-14
  9 14  28.23 -119.18  0.29E-13
  9 14  28.28 -119.18  0.88E-13
  9 14  28.33 -119.18  0.12E-12
  9 14  28.38 -119.18  0.88E-13
  9 14  28.43 -119.18  0.88E-13
  9 14  28.48 -119.18  0.18E-12
  9 14  28.53 -119.18  0.16E-12
  9 14  28.58 -119.18  0.79E-13
  9 14  28.63 -119.18  0.88E-13
  9 14  28.68 -119.18  0.69E-13
  9 14  28.73 -119.18  0.39E-13
  9 14  28.78 -119.18  0.98E-14
  9 14  28.83 -119.18  0.98E-14
  9 14  28.88 -119.18  0.30E-13
  9 14  28.93 -119.18  0.99E-14
  9 14  28.03 -119.13  0.59E-13
  9 14  28.08 -119.13  0.59E-13
  9 14  28.13 -119.13  0.98E-14
  9 14  28.23 -119.13  0.20E-13
  9 14  28.28 -119.13  0.59E-13
  9 14  28.33 -119.13  0.12E-12
  9 14  28.38 -119.13  0.17E-12
  9 14  28.43 -119.13  0.15E-12
  9 14  28.48 -119.13  0.69E-13
  9 14  28.53 -119.13  0.39E-13
  9 14  28.58 -119.13  0.29E-13
  9 14  28.63 -119.13  0.59E-13
  9 14  28.68 -119.13  0.98E-13
  9 14  28.73 -119.13  0.49E-13
  9 14  28.78 -119.13  0.98E-14
  9 14  28.83 -119.13  0.98E-14
  9 14  28.08 -119.08  0.20E-13
  9 14  28.13 -119.08  0.98E-14
  9 14  28.23 -119.08  0.49E-13
  9 14  28.28 -119.08  0.29E-13
  9 14  28.33 -119.08  0.69E-13
  9 14  28.38 -119.08  0.98E-14
  9 14  28.43 -119.08  0.49E-13
  9 14  28.48 -119.08  0.69E-13
  9 14  28.53 -119.08  0.39E-13
  9 14  28.58 -119.08  0.98E-13
  9 14  28.63 -119.08  0.39E-13
  9 14  28.68 -119.08  0.20E-13
  9 14  28.73 -119.08  0.39E-13
  9 14  28.78 -119.08  0.30E-13
  9 14  27.98 -119.03  0.20E-13
  9 14  28.03 -119.03  0.20E-13
  9 14  28.08 -119.03  0.98E-14
  9 14  28.18 -119.03  0.98E-14
  9 14  28.23 -119.03  0.20E-13
  9 14  28.28 -119.03  0.39E-13
  9 14  28.33 -119.03  0.78E-13
  9 14  28.38 -119.03  0.98E-13
  9 14  28.43 -119.03  0.14E-12
  9 14  28.48 -119.03  0.11E-12
  9 14  28.53 -119.03  0.69E-13
  9 14  28.58 -119.03  0.69E-13
  9 14  28.63 -119.03  0.13E-12
  9 14  28.68 -119.03  0.88E-13
  9 14  28.73 -119.03  0.30E-13
  9 14  28.78 -119.03  0.30E-13
  9 14  28.83 -119.03  0.20E-13
  9 14  28.88 -119.03  0.30E-13
  9 14  29.03 -119.03  0.20E-13
  9 14  29.08 -119.03  0.20E-13
  9 14  29.38 -119.03  0.20E-13
  9 14  27.93 -118.98  0.98E-14
  9 14  28.13 -118.98  0.39E-13
  9 14  28.18 -118.98  0.39E-13
  9 14  28.33 -118.98  0.98E-14
  9 14  28.38 -118.98  0.20E-13
  9 14  28.48 -118.98  0.79E-13
  9 14  28.53 -118.98  0.20E-12
  9 14  28.58 -118.98  0.18E-12
  9 14  28.63 -118.98  0.69E-13
  9 14  28.68 -118.98  0.49E-13
  9 14  28.73 -118.98  0.59E-13
  9 14  28.78 -118.98  0.59E-13
  9 14  28.83 -118.98  0.59E-13
  9 14  28.88 -118.98  0.20E-13
  9 14  28.93 -118.98  0.39E-13
  9 14  28.98 -118.98  0.39E-13
  9 14  29.03 -118.98  0.99E-14
  9 14  29.28 -118.98  0.20E-13
  9 14  29.33 -118.98  0.40E-13
  9 14  29.43 -118.98  0.20E-13
  9 14  29.48 -118.98  0.20E-13
  9 14  28.18 -118.93  0.98E-14
  9 14  28.38 -118.93  0.20E-13
  9 14  28.43 -118.93  0.39E-13
  9 14  28.48 -118.93  0.79E-13
  9 14  28.53 -118.93  0.12E-12
  9 14  28.58 -118.93  0.49E-13
  9 14  28.63 -118.93  0.98E-14
  9 14  28.68 -118.93  0.88E-13
  9 14  28.73 -118.93  0.89E-13
  9 14  28.78 -118.93  0.89E-13
  9 14  28.83 -118.93  0.59E-13
  9 14  28.88 -118.93  0.39E-13
  9 14  28.93 -118.93  0.59E-13
  9 14  28.98 -118.93  0.30E-13
  9 14  29.23 -118.93  0.20E-13
  9 14  29.28 -118.93  0.30E-13
  9 14  29.33 -118.93  0.30E-13
  9 14  29.38 -118.93  0.30E-13
  9 14  28.43 -118.88  0.29E-13
  9 14  28.48 -118.88  0.39E-13
  9 14  28.53 -118.88  0.39E-13
  9 14  28.58 -118.88  0.29E-13
  9 14  28.63 -118.88  0.29E-13
  9 14  28.68 -118.88  0.39E-13
  9 14  28.73 -118.88  0.89E-13
  9 14  28.78 -118.88  0.16E-12
  9 14  28.83 -118.88  0.13E-12
  9 14  28.88 -118.88  0.11E-12
  9 14  28.93 -118.88  0.99E-14
  9 14  28.98 -118.88  0.39E-13
  9 14  29.03 -118.88  0.99E-14
  9 14  29.13 -118.88  0.20E-13
  9 14  29.18 -118.88  0.99E-14
  9 14  29.28 -118.88  0.99E-14
  9 14  28.53 -118.83  0.20E-13
  9 14  28.58 -118.83  0.49E-13
  9 14  28.63 -118.83  0.49E-13
  9 14  28.68 -118.83  0.15E-12
  9 14  28.73 -118.83  0.89E-13
  9 14  28.78 -118.83  0.30E-13
  9 14  28.83 -118.83  0.49E-13
  9 14  28.88 -118.83  0.20E-13
  9 14  28.93 -118.83  0.59E-13
  9 14  28.98 -118.83  0.49E-13
  9 14  29.03 -118.83  0.39E-13
  9 14  29.08 -118.83  0.20E-13
  9 14  29.13 -118.83  0.99E-14
  9 14  29.18 -118.83  0.20E-13
  9 14  29.23 -118.83  0.40E-13
  9 14  29.28 -118.83  0.30E-13
  9 14  29.33 -118.83  0.99E-14
  9 14  28.33 -118.78  0.29E-13
  9 14  28.38 -118.78  0.29E-13
  9 14  28.43 -118.78  0.98E-14
  9 14  28.48 -118.78  0.20E-13
  9 14  28.53 -118.78  0.39E-13
  9 14  28.58 -118.78  0.39E-13
  9 14  28.63 -118.78  0.79E-13
  9 14  28.68 -118.78  0.79E-13
  9 14  28.73 -118.78  0.20E-13
  9 14  28.78 -118.78  0.15E-12
  9 14  28.83 -118.78  0.89E-13
  9 14  28.88 -118.78  0.59E-13
  9 14  28.93 -118.78  0.30E-13
  9 14  28.98 -118.78  0.20E-13
  9 14  29.03 -118.78  0.99E-14
  9 14  29.08 -118.78  0.20E-13
  9 14  29.13 -118.78  0.69E-13
  9 14  29.18 -118.78  0.30E-13
  9 14  29.23 -118.78  0.49E-13
  9 14  29.28 -118.78  0.49E-13
  9 14  29.33 -118.78  0.99E-14
  9 14  29.38 -118.78  0.20E-13
  9 14  28.38 -118.73  0.20E-13
  9 14  28.43 -118.73  0.59E-13
  9 14  28.48 -118.73  0.49E-13
  9 14  28.58 -118.73  0.20E-13
  9 14  28.63 -118.73  0.98E-13
  9 14  28.68 -118.73  0.69E-13
  9 14  28.73 -118.73  0.69E-13
  9 14  28.78 -118.73  0.59E-13
  9 14  28.93 -118.73  0.20E-13
  9 14  28.98 -118.73  0.49E-13
  9 14  29.03 -118.73  0.99E-14
  9 14  29.08 -118.73  0.49E-13
  9 14  29.13 -118.73  0.69E-13
  9 14  29.18 -118.73  0.69E-13
  9 14  29.23 -118.73  0.49E-13
  9 14  29.28 -118.73  0.20E-13
  9 14  29.33 -118.73  0.40E-13
  9 14  29.38 -118.73  0.99E-14
  9 14  28.33 -118.68  0.98E-14
  9 14  28.38 -118.68  0.59E-13
  9 14  28.43 -118.68  0.29E-13
  9 14  28.48 -118.68  0.69E-13
  9 14  28.53 -118.68  0.79E-13
  9 14  28.58 -118.68  0.59E-13
  9 14  28.63 -118.68  0.59E-13
  9 14  28.68 -118.68  0.69E-13
  9 14  28.73 -118.68  0.49E-13
  9 14  28.78 -118.68  0.39E-13
  9 14  28.83 -118.68  0.49E-13
  9 14  28.88 -118.68  0.20E-13
  9 14  28.93 -118.68  0.30E-13
  9 14  28.98 -118.68  0.99E-13
  9 14  29.03 -118.68  0.89E-13
  9 14  29.08 -118.68  0.79E-13
  9 14  29.13 -118.68  0.20E-13
  9 14  29.18 -118.68  0.30E-13
  9 14  29.23 -118.68  0.30E-13
  9 14  29.33 -118.68  0.59E-13
  9 14  29.38 -118.68  0.30E-13
  9 14  29.63 -118.68  0.30E-13
  9 14  28.43 -118.63  0.98E-14
  9 14  28.53 -118.63  0.20E-13
  9 14  28.58 -118.63  0.69E-13
  9 14  28.63 -118.63  0.69E-13
  9 14  28.68 -118.63  0.29E-13
  9 14  28.83 -118.63  0.30E-13
  9 14  28.88 -118.63  0.20E-13
  9 14  28.93 -118.63  0.49E-13
  9 14  28.98 -118.63  0.49E-13
  9 14  29.03 -118.63  0.30E-13
  9 14  29.08 -118.63  0.39E-13
  9 14  29.13 -118.63  0.20E-13
  9 14  29.33 -118.63  0.99E-14
  9 14  29.48 -118.63  0.99E-14
  9 14  29.53 -118.63  0.20E-13
  9 14  29.58 -118.63  0.50E-13
  9 14  29.63 -118.63  0.30E-13
  9 14  29.68 -118.63  0.99E-14
  9 14  28.38 -118.58  0.20E-13
  9 14  28.43 -118.58  0.49E-13
  9 14  28.48 -118.58  0.79E-13
  9 14  28.53 -118.58  0.79E-13
  9 14  28.58 -118.58  0.29E-13
  9 14  28.68 -118.58  0.20E-13
  9 14  28.73 -118.58  0.98E-14
  9 14  28.93 -118.58  0.20E-13
  9 14  28.98 -118.58  0.20E-13
  9 14  29.08 -118.58  0.30E-13
  9 14  29.13 -118.58  0.99E-14
  9 14  29.18 -118.58  0.99E-14
  9 14  29.28 -118.58  0.20E-13
  9 14  29.33 -118.58  0.30E-13
  9 14  29.38 -118.58  0.20E-13
  9 14  29.43 -118.58  0.30E-13
  9 14  29.48 -118.58  0.89E-13
  9 14  29.53 -118.58  0.79E-13
  9 14  29.58 -118.58  0.20E-13
  9 14  28.93 -118.53  0.30E-13
  9 14  28.98 -118.53  0.30E-13
  9 14  29.03 -118.53  0.49E-13
  9 14  29.08 -118.53  0.20E-13
  9 14  29.18 -118.53  0.40E-13
  9 14  29.23 -118.53  0.99E-14
  9 14  29.43 -118.53  0.20E-13
  9 14  29.48 -118.53  0.30E-13
  9 14  28.88 -118.48  0.99E-14
  9 14  28.98 -118.48  0.30E-13
  9 14  29.08 -118.48  0.99E-14
  9 14  29.13 -118.48  0.30E-13
  9 14  29.23 -118.48  0.30E-13
  9 14  29.28 -118.48  0.30E-13
  9 14  29.33 -118.48  0.30E-13
  9 14  29.38 -118.48  0.40E-13
  9 14  29.43 -118.48  0.30E-13
  9 14  29.48 -118.48  0.99E-14
  9 14  28.93 -118.43  0.30E-13
  9 14  29.08 -118.43  0.20E-13
  9 14  29.13 -118.43  0.30E-13
  9 14  29.18 -118.43  0.30E-13
  9 14  29.28 -118.43  0.40E-13
  9 14  29.33 -118.43  0.99E-14
  9 14  29.03 -118.38  0.20E-13
  9 14  29.38 -118.38  0.30E-13
  9 14  29.43 -118.38  0.30E-13
  9 14  29.48 -118.38  0.20E-13
  9 14  29.53 -118.38  0.30E-13
  9 14  29.58 -118.38  0.20E-13
  9 14  29.63 -118.38  0.99E-14
  9 14  30.13 -118.38  0.30E-13
  9 14  28.98 -118.33  0.99E-14
  9 14  29.23 -118.33  0.99E-14
  9 14  29.28 -118.33  0.30E-13
  9 14  29.33 -118.33  0.49E-13
  9 14  29.38 -118.33  0.20E-13
  9 14  29.43 -118.33  0.40E-13
  9 14  29.48 -118.33  0.50E-13
  9 14  29.53 -118.33  0.99E-14
  9 14  29.58 -118.33  0.20E-13
  9 14  30.03 -118.33  0.20E-13
  9 14  30.08 -118.33  0.30E-13
  9 14  28.78 -118.28  0.20E-13
  9 14  28.83 -118.28  0.20E-13
  9 14  29.23 -118.28  0.99E-14
  9 14  29.28 -118.28  0.99E-14
  9 14  29.53 -118.28  0.99E-14
  9 14  29.58 -118.28  0.99E-14
  9 14  29.18 -118.23  0.20E-13
  9 14  29.23 -118.23  0.20E-13
  9 14  29.28 -118.23  0.20E-13
  9 14  29.33 -118.23  0.20E-13
  9 14  29.58 -118.23  0.99E-14
  9 14  29.63 -118.23  0.40E-13
  9 14  29.73 -118.23  0.40E-13
  9 14  29.78 -118.23  0.99E-14
  9 14  29.08 -118.18  0.99E-14
  9 14  29.13 -118.18  0.30E-13
  9 14  29.48 -118.18  0.40E-13
  9 14  29.53 -118.18  0.40E-13
  9 14  29.58 -118.18  0.30E-13
  9 14  29.63 -118.18  0.99E-14
  9 14  29.68 -118.18  0.40E-13
  9 14  28.98 -118.13  0.20E-13
  9 14  29.38 -118.13  0.20E-13
  9 14  29.43 -118.13  0.30E-13
  9 14  29.48 -118.13  0.50E-13
  9 14  29.53 -118.13  0.99E-14
  9 14  29.28 -118.08  0.99E-14
  9 14  29.33 -118.08  0.49E-13
  9 14  29.38 -118.08  0.49E-13
  9 14  29.43 -118.08  0.69E-13
  9 14  29.48 -118.08  0.20E-13
  9 14  29.58 -118.08  0.30E-13
  9 14  29.63 -118.08  0.30E-13
  9 14  29.68 -118.08  0.99E-14
  9 14  29.13 -118.03  0.99E-14
  9 14  29.18 -118.03  0.30E-13
  9 14  29.23 -118.03  0.30E-13
  9 14  29.28 -118.03  0.40E-13
  9 14  29.33 -118.03  0.20E-13
  9 14  29.38 -118.03  0.49E-13
  9 14  29.43 -118.03  0.99E-14
  9 14  29.58 -118.03  0.99E-14
  9 14  29.93 -118.03  0.30E-13
  9 14  29.13 -117.98  0.20E-13
  9 14  29.83 -117.98  0.30E-13
  9 14  29.88 -117.98  0.10E-13
  9 14  29.28 -117.93  0.20E-13
  9 14  29.43 -117.93  0.20E-13
  9 14  29.73 -117.93  0.40E-13
  9 14  29.78 -117.93  0.50E-13
  9 14  29.83 -117.93  0.70E-13
  9 14  29.88 -117.93  0.50E-13
  9 14  29.23 -117.88  0.20E-13
  9 14  29.28 -117.88  0.40E-13
  9 14  29.33 -117.88  0.99E-14
  9 14  29.63 -117.88  0.99E-14
  9 14  29.68 -117.88  0.40E-13
  9 14  29.73 -117.88  0.60E-13
  9 14  29.78 -117.88  0.80E-13
  9 14  29.83 -117.88  0.99E-14
  9 14  29.98 -117.88  0.30E-13
  9 14  30.03 -117.88  0.20E-13
  9 14  30.23 -117.88  0.20E-13
  9 14  30.28 -117.88  0.20E-13
  9 14  28.98 -117.83  0.30E-13
  9 14  29.03 -117.83  0.99E-14
  9 14  29.58 -117.83  0.30E-13
  9 14  29.68 -117.83  0.20E-13
  9 14  29.73 -117.83  0.20E-13
  9 14  29.88 -117.83  0.20E-13
  9 14  29.93 -117.83  0.40E-13
  9 14  30.13 -117.83  0.10E-13
  9 14  30.18 -117.83  0.40E-13
  9 14  30.23 -117.83  0.10E-13
  9 14  29.53 -117.78  0.30E-13
  9 14  29.83 -117.78  0.99E-14
  9 14  29.88 -117.78  0.20E-13
  9 14  30.08 -117.78  0.10E-13
  9 14  30.13 -117.78  0.30E-13
  9 14  29.93 -117.73  0.30E-13
  9 14  30.58 -117.73  0.10E-13
  9 14  29.88 -117.68  0.20E-13
  9 14  30.18 -117.68  0.40E-13
  9 14  30.23 -117.68  0.20E-13
  9 14  30.53 -117.68  0.50E-13
  9 14  30.58 -117.68  0.10E-13
  9 14  30.13 -117.63  0.70E-13
  9 14  30.18 -117.63  0.10E-13
  9 14  30.43 -117.63  0.10E-13
  9 14  30.48 -117.63  0.50E-13
  9 14  30.53 -117.63  0.10E-13
  9 14  30.03 -117.58  0.30E-13
  9 14  30.08 -117.58  0.60E-13
  9 14  30.13 -117.58  0.20E-13
  9 14  30.43 -117.58  0.40E-13
  9 14  30.48 -117.58  0.10E-13
  9 14  29.68 -117.53  0.40E-13
  9 14  29.93 -117.53  0.20E-13
  9 14  29.98 -117.53  0.60E-13
  9 14  30.03 -117.53  0.50E-13
  9 14  30.33 -117.53  0.20E-13
  9 14  30.38 -117.53  0.40E-13
  9 14  30.43 -117.53  0.60E-13
  9 14  29.63 -117.48  0.50E-13
  9 14  29.88 -117.48  0.99E-14
  9 14  30.18 -117.48  0.30E-13
  9 14  30.28 -117.48  0.30E-13
  9 14  30.33 -117.48  0.40E-13
  9 14  30.38 -117.48  0.30E-13
  9 14  30.48 -117.48  0.30E-13
  9 14  30.08 -117.43  0.20E-13
  9 14  30.13 -117.43  0.30E-13
  9 14  30.28 -117.43  0.30E-13
  9 14  30.33 -117.43  0.40E-13
  9 14  30.38 -117.43  0.20E-13
  9 14  30.43 -117.43  0.50E-13
  9 14  30.48 -117.43  0.40E-13
  9 14  30.73 -117.43  0.30E-13
  9 14  30.78 -117.43  0.20E-13
  9 14  29.98 -117.38  0.40E-13
  9 14  30.03 -117.38  0.20E-13
  9 14  30.23 -117.38  0.10E-13
  9 14  30.28 -117.38  0.10E-13
  9 14  30.38 -117.38  0.40E-13
  9 14  30.43 -117.38  0.20E-13
  9 14  30.53 -117.38  0.10E-13
  9 14  30.68 -117.38  0.20E-13
  9 14  30.73 -117.38  0.10E-13
  9 14  30.88 -117.38  0.30E-13
  9 14  30.93 -117.38  0.20E-13
  9 14  31.13 -117.38  0.10E-13
  9 14  29.88 -117.33  0.20E-13
  9 14  29.93 -117.33  0.40E-13
  9 14  30.28 -117.33  0.20E-13
  9 14  30.33 -117.33  0.50E-13
  9 14  30.38 -117.33  0.20E-13
  9 14  30.63 -117.33  0.40E-13
  9 14  30.78 -117.33  0.30E-13
  9 14  30.83 -117.33  0.40E-13
  9 14  30.88 -117.33  0.40E-13
  9 14  31.08 -117.33  0.10E-13
  9 14  31.58 -117.33  0.41E-13
  9 14  31.63 -117.33  0.71E-13
  9 14  31.83 -117.33  0.30E-13
  9 14  30.33 -117.28  0.20E-13
  9 14  30.38 -117.28  0.10E-13
  9 14  30.43 -117.28  0.10E-13
  9 14  30.53 -117.28  0.30E-13
  9 14  30.58 -117.28  0.20E-13
  9 14  30.73 -117.28  0.40E-13
  9 14  30.78 -117.28  0.20E-13
  9 14  31.53 -117.28  0.20E-13
  9 14  31.58 -117.28  0.91E-13
  9 14  31.73 -117.28  0.20E-13
  9 14  31.78 -117.28  0.81E-13
  9 14  31.83 -117.28  0.20E-13
  9 14  30.33 -117.23  0.10E-13
  9 14  30.38 -117.23  0.40E-13
  9 14  30.53 -117.23  0.20E-13
  9 14  30.58 -117.23  0.10E-13
  9 14  30.68 -117.23  0.20E-13
  9 14  30.73 -117.23  0.10E-13
  9 14  30.83 -117.23  0.30E-13
  9 14  30.88 -117.23  0.20E-13
  9 14  30.93 -117.23  0.40E-13
  9 14  30.28 -117.18  0.10E-13
  9 14  30.33 -117.18  0.30E-13
  9 14  30.53 -117.18  0.20E-13
  9 14  30.58 -117.18  0.30E-13
  9 14  30.88 -117.18  0.40E-13
  9 14  31.28 -117.18  0.10E-13
  9 14  30.23 -117.13  0.10E-13
  9 14  30.28 -117.13  0.30E-13
  9 14  30.48 -117.13  0.30E-13
  9 14  30.53 -117.13  0.30E-13
  9 14  30.83 -117.13  0.20E-13
  9 14  30.48 -117.08  0.20E-13
