DAY HR    LAT     LON TEST00100
  8 23  32.13 -120.43  0.10E-13
  8 23  32.18 -120.43  0.71E-13
  8 23  32.23 -120.43  0.61E-13
  8 23  32.28 -120.43  0.41E-13
  8 23  32.23 -120.38  0.10E-13
  8 23  31.83 -120.33  0.20E-13
  8 23  31.88 -120.33  0.20E-13
  8 23  31.93 -120.33  0.30E-13
  8 23  31.98 -120.33  0.10E-13
  8 23  32.03 -120.28  0.10E-13
  8 23  32.08 -120.28  0.20E-13
  8 23  32.38 -120.28  0.31E-13
  8 23  32.43 -120.28  0.41E-13
  8 23  32.48 -120.28  0.31E-13
  8 23  32.53 -120.28  0.10E-13
  8 23  32.03 -120.23  0.20E-13
  8 23  32.08 -120.23  0.41E-13
  8 23  32.18 -120.23  0.10E-13
  8 23  32.23 -120.23  0.31E-13
  8 23  32.53 -120.23  0.20E-13
  8 23  32.58 -120.23  0.10E-13
  8 23  32.03 -120.13  0.20E-13
  8 23  32.08 -120.13  0.41E-13
  8 23  32.13 -120.13  0.61E-13
  8 23  32.18 -120.13  0.20E-13
  8 23  32.23 -120.13  0.10E-13
  8 23  32.28 -120.13  0.41E-13
  8 23  32.33 -120.13  0.51E-13
  8 23  32.38 -120.13  0.31E-13
  8 23  32.43 -120.13  0.20E-13
  8 23  32.53 -120.13  0.20E-13
  8 23  32.03 -120.08  0.10E-13
  8 23  32.18 -120.08  0.61E-13
  8 23  32.23 -120.08  0.10E-12
  8 23  32.28 -120.08  0.11E-12
  8 23  32.33 -120.08  0.10E-13
  8 23  31.88 -120.03  0.20E-13
  8 23  31.93 -120.03  0.20E-13
  8 23  31.98 -120.03  0.10E-13
  8 23  32.08 -120.03  0.41E-13
  8 23  32.13 -120.03  0.41E-13
  8 23  32.18 -120.03  0.61E-13
  8 23  32.23 -120.03  0.61E-13
  8 23  32.28 -120.03  0.41E-13
  8 23  32.33 -120.03  0.11E-12
  8 23  32.38 -120.03  0.72E-13
  8 23  32.43 -120.03  0.61E-13
  8 23  32.48 -120.03  0.20E-13
  8 23  31.98 -119.98  0.71E-13
  8 23  32.03 -119.98  0.12E-12
  8 23  32.08 -119.98  0.92E-13
  8 23  32.13 -119.98  0.18E-12
  8 23  32.18 -119.98  0.24E-12
  8 23  32.23 -119.98  0.28E-12
  8 23  32.28 -119.98  0.20E-12
  8 23  32.33 -119.98  0.71E-13
  8 23  32.38 -119.98  0.51E-13
  8 23  32.43 -119.98  0.61E-13
  8 23  32.48 -119.98  0.61E-13
  8 23  32.53 -119.98  0.61E-13
  8 23  32.58 -119.98  0.41E-13
  8 23  31.88 -119.93  0.30E-13
  8 23  31.93 -119.93  0.41E-13
  8 23  31.98 -119.93  0.31E-13
  8 23  32.03 -119.93  0.71E-13
  8 23  32.08 -119.93  0.15E-12
  8 23  32.13 -119.93  0.18E-12
  8 23  32.18 -119.93  0.18E-12
  8 23  32.23 -119.93  0.18E-12
  8 23  32.28 -119.93  0.17E-12
  8 23  32.33 -119.93  0.16E-12
  8 23  32.38 -119.93  0.11E-12
  8 23  32.43 -119.93  0.82E-13
  8 23  32.48 -119.93  0.82E-13
  8 23  32.53 -119.93  0.92E-13
  8 23  32.58 -119.93  0.20E-13
  8 23  32.63 -119.93  0.20E-13
  8 23  32.68 -119.93  0.61E-13
  8 23  32.73 -119.93  0.21E-13
  8 23  32.03 -119.88  0.10E-13
  8 23  32.08 -119.88  0.41E-13
  8 23  32.13 -119.88  0.13E-12
  8 23  32.18 -119.88  0.19E-12
  8 23  32.23 -119.88  0.41E-12
  8 23  32.28 -119.88  0.55E-12
  8 23  32.33 -119.88  0.57E-12
  8 23  32.38 -119.88  0.47E-12
  8 23  32.43 -119.88  0.37E-12
  8 23  32.48 -119.88  0.28E-12
  8 23  32.53 -119.88  0.12E-12
  8 23  32.58 -119.88  0.51E-13
  8 23  32.63 -119.88  0.82E-13
  8 23  32.68 -119.88  0.10E-13
  8 23  32.73 -119.88  0.10E-13
  8 23  31.98 -119.83  0.10E-13
  8 23  32.03 -119.83  0.51E-13
  8 23  32.08 -119.83  0.13E-12
  8 23  32.13 -119.83  0.22E-12
  8 23  32.18 -119.83  0.46E-12
  8 23  32.23 -119.83  0.62E-12
  8 23  32.28 -119.83  0.82E-12
  8 23  32.33 -119.83  0.89E-12
  8 23  32.38 -119.83  0.80E-12
  8 23  32.43 -119.83  0.78E-12
  8 23  32.48 -119.83  0.40E-12
  8 23  32.53 -119.83  0.29E-12
  8 23  32.58 -119.83  0.29E-12
  8 23  32.63 -119.83  0.17E-12
  8 23  32.68 -119.83  0.16E-12
  8 23  32.73 -119.83  0.62E-13
  8 23  32.78 -119.83  0.31E-13
  8 23  31.93 -119.78  0.20E-13
  8 23  31.98 -119.78  0.41E-13
  8 23  32.03 -119.78  0.71E-13
  8 23  32.08 -119.78  0.19E-12
  8 23  32.13 -119.78  0.29E-12
  8 23  32.18 -119.78  0.38E-12
  8 23  32.23 -119.78  0.64E-12
  8 23  32.28 -119.78  0.10E-11
  8 23  32.33 -119.78  0.10E-11
  8 23  32.38 -119.78  0.84E-12
  8 23  32.43 -119.78  0.58E-12
  8 23  32.48 -119.78  0.58E-12
  8 23  32.53 -119.78  0.44E-12
  8 23  32.58 -119.78  0.39E-12
  8 23  32.63 -119.78  0.18E-12
  8 23  32.68 -119.78  0.12E-12
  8 23  32.73 -119.78  0.21E-13
  8 23  32.78 -119.78  0.51E-13
  8 23  32.83 -119.78  0.41E-13
  8 23  32.88 -119.78  0.82E-13
  8 23  32.93 -119.78  0.93E-13
  8 23  31.98 -119.73  0.10E-13
  8 23  32.03 -119.73  0.71E-13
  8 23  32.08 -119.73  0.11E-12
  8 23  32.13 -119.73  0.23E-12
  8 23  32.18 -119.73  0.40E-12
  8 23  32.23 -119.73  0.54E-12
  8 23  32.28 -119.73  0.10E-11
  8 23  32.33 -119.73  0.94E-12
  8 23  32.38 -119.73  0.97E-12
  8 23  32.43 -119.73  0.13E-11
  8 23  32.48 -119.73  0.11E-11
  8 23  32.53 -119.73  0.91E-12
  8 23  32.58 -119.73  0.67E-12
  8 23  32.63 -119.73  0.24E-12
  8 23  32.68 -119.73  0.18E-12
  8 23  32.73 -119.73  0.28E-12
  8 23  32.78 -119.73  0.22E-12
  8 23  32.83 -119.73  0.72E-13
  8 23  32.88 -119.73  0.62E-13
  8 23  32.93 -119.73  0.21E-13
  8 23  31.93 -119.68  0.41E-13
  8 23  31.98 -119.68  0.61E-13
  8 23  32.03 -119.68  0.92E-13
  8 23  32.08 -119.68  0.13E-12
  8 23  32.13 -119.68  0.20E-12
  8 23  32.18 -119.68  0.33E-12
  8 23  32.23 -119.68  0.59E-12
  8 23  32.28 -119.68  0.72E-12
  8 23  32.33 -119.68  0.85E-12
  8 23  32.38 -119.68  0.12E-11
  8 23  32.43 -119.68  0.13E-11
  8 23  32.48 -119.68  0.12E-11
  8 23  32.53 -119.68  0.12E-11
  8 23  32.58 -119.68  0.88E-12
  8 23  32.63 -119.68  0.62E-12
  8 23  32.68 -119.68  0.72E-12
  8 23  32.73 -119.68  0.41E-12
  8 23  32.78 -119.68  0.18E-12
  8 23  32.83 -119.68  0.12E-12
  8 23  32.88 -119.68  0.12E-12
  8 23  32.93 -119.68  0.41E-13
  8 23  31.98 -119.63  0.20E-13
  8 23  32.03 -119.63  0.51E-13
  8 23  32.08 -119.63  0.18E-12
  8 23  32.13 -119.63  0.37E-12
  8 23  32.18 -119.63  0.34E-12
  8 23  32.23 -119.63  0.49E-12
  8 23  32.28 -119.63  0.77E-12
  8 23  32.33 -119.63  0.13E-11
  8 23  32.38 -119.63  0.15E-11
  8 23  32.43 -119.63  0.17E-11
  8 23  32.48 -119.63  0.17E-11
  8 23  32.53 -119.63  0.15E-11
  8 23  32.58 -119.63  0.13E-11
  8 23  32.63 -119.63  0.13E-11
  8 23  32.68 -119.63  0.86E-12
  8 23  32.73 -119.63  0.63E-12
  8 23  32.78 -119.63  0.29E-12
  8 23  32.83 -119.63  0.29E-12
  8 23  32.88 -119.63  0.31E-13
  8 23  32.93 -119.63  0.82E-13
  8 23  32.98 -119.63  0.51E-13
  8 23  31.98 -119.58  0.51E-13
  8 23  32.03 -119.58  0.81E-13
  8 23  32.08 -119.58  0.81E-13
  8 23  32.13 -119.58  0.14E-12
  8 23  32.18 -119.58  0.31E-12
  8 23  32.23 -119.58  0.42E-12
  8 23  32.28 -119.58  0.67E-12
  8 23  32.33 -119.58  0.75E-12
  8 23  32.38 -119.58  0.94E-12
  8 23  32.43 -119.58  0.17E-11
  8 23  32.48 -119.58  0.20E-11
  8 23  32.53 -119.58  0.18E-11
  8 23  32.58 -119.58  0.15E-11
  8 23  32.63 -119.58  0.13E-11
  8 23  32.68 -119.58  0.11E-11
  8 23  32.73 -119.58  0.86E-12
  8 23  32.78 -119.58  0.78E-12
  8 23  32.83 -119.58  0.35E-12
  8 23  32.88 -119.58  0.32E-12
  8 23  32.93 -119.58  0.72E-13
  8 23  32.08 -119.53  0.51E-13
  8 23  32.13 -119.53  0.51E-13
  8 23  32.18 -119.53  0.15E-12
  8 23  32.23 -119.53  0.33E-12
  8 23  32.28 -119.53  0.45E-12
  8 23  32.33 -119.53  0.81E-12
  8 23  32.38 -119.53  0.10E-11
  8 23  32.43 -119.53  0.14E-11
  8 23  32.48 -119.53  0.15E-11
  8 23  32.53 -119.53  0.15E-11
  8 23  32.58 -119.53  0.15E-11
  8 23  32.63 -119.53  0.17E-11
  8 23  32.68 -119.53  0.16E-11
  8 23  32.73 -119.53  0.13E-11
  8 23  32.78 -119.53  0.11E-11
  8 23  32.83 -119.53  0.56E-12
  8 23  32.88 -119.53  0.27E-12
  8 23  32.93 -119.53  0.32E-12
  8 23  32.98 -119.53  0.51E-13
  8 23  32.03 -119.48  0.20E-13
  8 23  32.08 -119.48  0.31E-13
  8 23  32.13 -119.48  0.61E-13
  8 23  32.18 -119.48  0.10E-12
  8 23  32.23 -119.48  0.22E-12
  8 23  32.28 -119.48  0.54E-12
  8 23  32.33 -119.48  0.83E-12
  8 23  32.38 -119.48  0.13E-11
  8 23  32.43 -119.48  0.14E-11
  8 23  32.48 -119.48  0.19E-11
  8 23  32.53 -119.48  0.19E-11
  8 23  32.58 -119.48  0.19E-11
  8 23  32.63 -119.48  0.16E-11
  8 23  32.68 -119.48  0.15E-11
  8 23  32.73 -119.48  0.15E-11
  8 23  32.78 -119.48  0.11E-11
  8 23  32.83 -119.48  0.57E-12
  8 23  32.88 -119.48  0.58E-12
  8 23  32.93 -119.48  0.30E-12
  8 23  32.98 -119.48  0.93E-13
  8 23  33.08 -119.48  0.51E-13
  8 23  33.13 -119.48  0.41E-13
  8 23  31.98 -119.43  0.20E-13
  8 23  32.03 -119.43  0.41E-13
  8 23  32.08 -119.43  0.51E-13
  8 23  32.13 -119.43  0.81E-13
  8 23  32.18 -119.43  0.10E-12
  8 23  32.23 -119.43  0.23E-12
  8 23  32.28 -119.43  0.34E-12
  8 23  32.33 -119.43  0.76E-12
  8 23  32.38 -119.43  0.11E-11
  8 23  32.43 -119.43  0.12E-11
  8 23  32.48 -119.43  0.15E-11
  8 23  32.53 -119.43  0.13E-11
  8 23  32.58 -119.43  0.16E-11
  8 23  32.63 -119.43  0.22E-11
  8 23  32.68 -119.43  0.24E-11
  8 23  32.73 -119.43  0.19E-11
  8 23  32.78 -119.43  0.16E-11
  8 23  32.83 -119.43  0.95E-12
  8 23  32.88 -119.43  0.50E-12
  8 23  32.93 -119.43  0.35E-12
  8 23  32.98 -119.43  0.82E-13
  8 23  33.03 -119.43  0.13E-12
  8 23  33.08 -119.43  0.93E-13
  8 23  33.13 -119.43  0.51E-13
  8 23  31.98 -119.38  0.10E-13
  8 23  32.03 -119.38  0.10E-13
  8 23  32.23 -119.38  0.51E-13
  8 23  32.28 -119.38  0.19E-12
  8 23  32.33 -119.38  0.43E-12
  8 23  32.38 -119.38  0.59E-12
  8 23  32.43 -119.38  0.75E-12
  8 23  32.48 -119.38  0.90E-12
  8 23  32.53 -119.38  0.15E-11
  8 23  32.58 -119.38  0.20E-11
  8 23  32.63 -119.38  0.24E-11
  8 23  32.68 -119.38  0.21E-11
  8 23  32.73 -119.38  0.21E-11
  8 23  32.78 -119.38  0.19E-11
  8 23  32.83 -119.38  0.10E-11
  8 23  32.88 -119.38  0.91E-12
  8 23  32.93 -119.38  0.58E-12
  8 23  32.98 -119.38  0.26E-12
  8 23  33.03 -119.38  0.12E-12
  8 23  33.08 -119.38  0.41E-13
  8 23  32.23 -119.33  0.31E-13
  8 23  32.28 -119.33  0.10E-13
  8 23  32.33 -119.33  0.41E-13
  8 23  32.38 -119.33  0.11E-12
  8 23  32.43 -119.33  0.52E-12
  8 23  32.48 -119.33  0.92E-12
  8 23  32.53 -119.33  0.13E-11
  8 23  32.58 -119.33  0.19E-11
  8 23  32.63 -119.33  0.14E-11
  8 23  32.68 -119.33  0.16E-11
  8 23  32.73 -119.33  0.20E-11
  8 23  32.78 -119.33  0.19E-11
  8 23  32.83 -119.33  0.13E-11
  8 23  32.88 -119.33  0.10E-11
  8 23  32.93 -119.33  0.46E-12
  8 23  32.98 -119.33  0.21E-12
  8 23  33.03 -119.33  0.72E-13
  8 23  33.08 -119.33  0.10E-13
  8 23  32.28 -119.28  0.31E-13
  8 23  32.33 -119.28  0.13E-12
  8 23  32.38 -119.28  0.34E-12
  8 23  32.43 -119.28  0.36E-12
  8 23  32.48 -119.28  0.30E-12
  8 23  32.53 -119.28  0.55E-12
  8 23  32.58 -119.28  0.79E-12
  8 23  32.63 -119.28  0.12E-11
  8 23  32.68 -119.28  0.18E-11
  8 23  32.73 -119.28  0.22E-11
  8 23  32.78 -119.28  0.15E-11
  8 23  32.83 -119.28  0.14E-11
  8 23  32.88 -119.28  0.51E-12
  8 23  32.93 -119.28  0.34E-12
  8 23  32.98 -119.28  0.25E-12
  8 23  33.03 -119.28  0.93E-13
  8 23  33.08 -119.28  0.21E-13
  8 23  32.28 -119.23  0.20E-13
  8 23  32.33 -119.23  0.92E-13
  8 23  32.38 -119.23  0.82E-13
  8 23  32.43 -119.23  0.72E-13
  8 23  32.48 -119.23  0.27E-12
  8 23  32.53 -119.23  0.56E-12
  8 23  32.58 -119.23  0.69E-12
  8 23  32.63 -119.23  0.10E-11
  8 23  32.68 -119.23  0.13E-11
  8 23  32.73 -119.23  0.10E-11
  8 23  32.78 -119.23  0.92E-12
  8 23  32.83 -119.23  0.65E-12
  8 23  32.88 -119.23  0.80E-12
  8 23  32.93 -119.23  0.18E-12
  8 23  32.98 -119.23  0.27E-12
  8 23  33.03 -119.23  0.15E-12
  8 23  33.08 -119.23  0.82E-13
  8 23  32.13 -119.18  0.10E-13
  8 23  32.18 -119.18  0.31E-13
  8 23  32.23 -119.18  0.31E-13
  8 23  32.28 -119.18  0.31E-13
  8 23  32.33 -119.18  0.10E-13
  8 23  32.38 -119.18  0.31E-13
  8 23  32.43 -119.18  0.82E-13
  8 23  32.48 -119.18  0.92E-13
  8 23  32.53 -119.18  0.21E-12
  8 23  32.58 -119.18  0.35E-12
  8 23  32.63 -119.18  0.41E-12
  8 23  32.68 -119.18  0.73E-12
  8 23  32.73 -119.18  0.64E-12
  8 23  32.78 -119.18  0.41E-12
  8 23  32.83 -119.18  0.81E-12
  8 23  32.88 -119.18  0.66E-12
  8 23  32.93 -119.18  0.32E-12
  8 23  32.98 -119.18  0.34E-12
  8 23  33.03 -119.18  0.20E-12
  8 23  33.08 -119.18  0.21E-13
  8 23  32.53 -119.13  0.20E-13
  8 23  32.58 -119.13  0.12E-12
  8 23  32.63 -119.13  0.47E-12
  8 23  32.68 -119.13  0.50E-12
  8 23  32.73 -119.13  0.50E-12
  8 23  32.78 -119.13  0.55E-12
  8 23  32.83 -119.13  0.61E-12
  8 23  32.88 -119.13  0.51E-12
  8 23  32.93 -119.13  0.42E-12
  8 23  32.98 -119.13  0.34E-12
  8 23  33.03 -119.13  0.14E-12
  8 23  32.48 -119.08  0.41E-13
  8 23  32.53 -119.08  0.61E-13
  8 23  32.58 -119.08  0.28E-12
  8 23  32.63 -119.08  0.26E-12
  8 23  32.68 -119.08  0.41E-12
  8 23  32.73 -119.08  0.38E-12
  8 23  32.78 -119.08  0.28E-12
  8 23  32.83 -119.08  0.32E-12
  8 23  32.88 -119.08  0.47E-12
  8 23  32.93 -119.08  0.34E-12
  8 23  32.98 -119.08  0.17E-12
  8 23  33.03 -119.08  0.62E-13
  8 23  32.53 -119.03  0.31E-13
  8 23  32.58 -119.03  0.10E-13
  8 23  32.63 -119.03  0.11E-12
  8 23  32.68 -119.03  0.14E-12
  8 23  32.73 -119.03  0.62E-13
  8 23  32.78 -119.03  0.82E-13
  8 23  32.83 -119.03  0.23E-12
  8 23  32.88 -119.03  0.18E-12
  8 23  32.93 -119.03  0.23E-12
  8 23  32.98 -119.03  0.11E-12
  8 23  32.63 -118.98  0.10E-13
  8 23  32.68 -118.98  0.20E-13
  8 23  32.78 -118.98  0.51E-13
  8 23  32.83 -118.98  0.41E-13
  8 23  32.88 -118.98  0.31E-13
  8 23  32.93 -118.98  0.82E-13
  8 23  32.98 -118.98  0.41E-13
  8 23  32.73 -118.93  0.31E-13
  8 23  32.78 -118.93  0.21E-13
  8 23  32.88 -118.93  0.21E-13
  8 23  32.93 -118.93  0.51E-13
  8 23  32.68 -118.88  0.21E-13
  8 23  32.88 -118.88  0.21E-13
  8 23  32.93 -118.88  0.62E-13
  8 23  32.93 -118.83  0.51E-13
  8 23  32.88 -118.78  0.41E-13
