     1     1
    GDAS    25     1     8     0     0
     1 FORWARD  OMEGA   
    25     1     8    23   34.030 -118.330   500.0
     1 PRESSURE
     1     1    25     1     8    23     0     1     0.0   34.030 -118.330    500.0    951.3
     1     1    25     1     9     0     0     0     1.0   33.818 -118.421    486.8    956.7
     1     1    25     1     9     1     0     1     2.0   33.595 -118.470    517.8    955.0
     1     1    25     1     9     2     0     2     3.0   33.359 -118.468    500.8    958.3
     1     1    25     1     9     3     0     3     4.0   33.087 -118.391    485.8    961.5
     1     1    25     1     9     4     0     2     5.0   32.820 -118.278    496.5    960.9
     1     1    25     1     9     5     0     1     6.0   32.595 -118.213    530.5    957.2
     1     1    25     1     9     6     0     0     7.0   32.407 -118.198    552.9    954.8
     1     1    25     1     9     7     0     1     8.0   32.243 -118.190    554.3    954.4
     1     1    25     1     9     8     0     2     9.0   32.101 -118.158    550.3    954.5
     1     1    25     1     9     9     0     3    10.0   31.984 -118.091    560.8    953.0
     1     1    25     1     9    10     0     2    11.0   31.880 -117.993    580.4    950.5
     1     1    25     1     9    11     0     1    12.0   31.759 -117.872    593.3    948.9
     1     1    25     1     9    12     0     0    13.0   31.615 -117.731    601.9    947.7
     1     1    25     1     9    13     0     1    14.0   31.448 -117.591    608.8    947.3
     1     1    25     1     9    14     0     2    15.0   31.259 -117.468    610.0    947.5
     1     1    25     1     9    15     0     3    16.0   31.051 -117.345    597.5    949.3
     1     1    25     1     9    16     0     2    17.0   30.829 -117.214    583.5    951.3
     1     1    25     1     9    17     0     1    18.0   30.593 -117.078    590.2    950.9
     1     1    25     1     9    18     0     0    19.0   30.357 -116.941    631.9    945.9
     1     1    25     1     9    19     0     1    20.0   30.110 -116.802    702.9    937.2
     1     1    25     1     9    20     0     2    21.0   29.835 -116.648    792.4    927.2
     1     1    25     1     9    21     0     3    22.0   29.535 -116.471    878.2    917.0
     1     1    25     1     9    22     0     2    23.0   29.218 -116.290    941.5    909.8
     1     1    25     1     9    23     0     1    24.0   28.885 -116.132    985.2    904.9
