     1     1
    GDAS    25     1     8     0     0
     1 FORWARD  OMEGA   
    25     1     8    21   34.030 -118.330   500.0
     1 PRESSURE
     1     1    25     1     8    21     0     3     0.0   34.030 -118.330    500.0    951.8
     1     1    25     1     8    22     0     2     1.0   33.814 -118.484    239.6    985.9
     1     1    25     1     8    23     0     1     2.0   33.627 -118.558     88.8   1003.5
     1     1    25     1     9     0     0     0     3.0   33.502 -118.520     39.4   1008.8
     1     1    25     1     9     1     0     1     4.0   33.412 -118.412     26.4   1010.9
     1     1    25     1     9     2     0     2     5.0   33.333 -118.270     20.0   1012.5
     1     1    25     1     9     3     0     3     6.0   33.264 -118.091     15.2   1014.1
     1     1    25     1     9     4     0     2     7.0   33.207 -117.921     11.4   1010.9
     1     1    25     1     9     5     0     1     8.0   33.157 -117.803      9.0   1006.3
     1     1    25     1     9     6     0     0     9.0   33.108 -117.735      7.3   1004.4
     1     1    25     1     9     7     0     1    10.0   33.060 -117.709      5.6   1004.5
     1     1    25     1     9     8     0     2    11.0   33.016 -117.724      3.6   1006.2
     1     1    25     1     9     9     0     3    12.0   32.971 -117.779      1.8   1008.6
     1     1    25     1     9    10     0     2    13.0   32.926 -117.844      0.8   1010.8
     1     1    25     1     9    11     0     1    14.0   32.881 -117.889      0.8   1012.1
     1     1    25     1     9    12     0     0    15.0   32.836 -117.914      1.5   1012.7
     1     1    25     1     9    13     0     1    16.0   32.794 -117.917      2.4   1013.8
     1     1    25     1     9    14     0     2    17.0   32.757 -117.896      3.3   1014.3
     1     1    25     1     9    15     0     3    18.0   32.724 -117.856      4.1   1014.4
     1     1    25     1     9    16     0     2    19.0   32.690 -117.816      4.7   1014.3
     1     1    25     1     9    17     0     1    20.0   32.650 -117.787      4.8   1014.7
     1     1    25     1     9    18     0     0    21.0   32.604 -117.768      4.5   1015.4
     1     1    25     1     9    19     0     1    22.0   32.552 -117.743      3.9   1014.6
     1     1    25     1     9    20     0     2    23.0   32.488 -117.700      3.2   1013.5
     1     1    25     1     9    21     0     3    24.0   32.405 -117.638      2.4   1012.4
