     1     1
    GDAS    25     1     8     0     0
     1 FORWARD  OMEGA   
    25     1     8    17   34.030 -118.330   500.0
     1 PRESSURE
     1     1    25     1     8    17     0     1     0.0   34.030 -118.330    500.0    953.2
     1     1    25     1     8    18     0     0     1.0   33.764 -118.594    175.3    996.6
     1     1    25     1     8    19     0     1     2.0   33.497 -118.893      0.0   1016.1
     1     1    25     1     8    20     0     2     3.0   33.306 -119.085      0.0   1017.3
     1     1    25     1     8    21     0     3     4.0   33.157 -119.148      0.0   1017.9
     1     1    25     1     8    22     0     2     5.0   33.052 -119.105      0.0   1018.3
     1     1    25     1     8    23     0     1     6.0   32.986 -118.997      0.0   1018.4
     1     1    25     1     9     0     0     0     7.0   32.946 -118.834      0.0   1017.6
     1     1    25     1     9     1     0     1     8.0   32.889 -118.641      0.0   1017.1
     1     1    25     1     9     2     0     2     9.0   32.799 -118.441      0.0   1017.1
     1     1    25     1     9     3     0     3    10.0   32.697 -118.236      0.1   1017.6
     1     1    25     1     9     4     0     2    11.0   32.605 -118.048      0.0   1017.4
     1     1    25     1     9     5     0     1    12.0   32.526 -117.906      0.0   1015.5
     1     1    25     1     9     6     0     0    13.0   32.454 -117.812      0.0   1014.0
     1     1    25     1     9     7     0     1    14.0   32.384 -117.749      0.0   1013.4
     1     1    25     1     9     8     0     2    15.0   32.313 -117.703      0.0   1013.2
     1     1    25     1     9     9     0     3    16.0   32.240 -117.665      0.0   1013.4
     1     1    25     1     9    10     0     2    17.0   32.164 -117.623      0.0   1013.7
     1     1    25     1     9    11     0     1    18.0   32.091 -117.572      0.4   1014.2
     1     1    25     1     9    12     0     0    19.0   32.020 -117.515      1.2   1014.9
     1     1    25     1     9    13     0     1    20.0   31.951 -117.459      2.3   1016.2
     1     1    25     1     9    14     0     2    21.0   31.880 -117.406      3.7   1017.1
     1     1    25     1     9    15     0     3    22.0   31.808 -117.355      5.1   1018.1
     1     1    25     1     9    16     0     2    23.0   31.741 -117.306      6.0   1018.9
     1     1    25     1     9    17     0     1    24.0   31.682 -117.259      6.0   1019.7
