     1     1
    GDAS    25     1     8     0     0
     1 FORWARD  OMEGA   
    25     1     8    15   34.030 -118.330   500.0
     1 PRESSURE
     1     1    25     1     8    15     0     3     0.0   34.030 -118.330    500.0    951.9
     1     1    25     1     8    16     0     2     1.0   33.762 -118.578    175.0    995.5
     1     1    25     1     8    17     0     1     2.0   33.513 -118.854     10.7   1016.3
     1     1    25     1     8    18     0     0     3.0   33.316 -119.158      0.0   1018.3
     1     1    25     1     8    19     0     1     4.0   33.145 -119.400      0.0   1018.8
     1     1    25     1     8    20     0     2     5.0   32.986 -119.513      0.0   1019.0
     1     1    25     1     8    21     0     3     6.0   32.837 -119.520      0.0   1019.0
     1     1    25     1     8    22     0     2     7.0   32.695 -119.469      0.0   1018.7
     1     1    25     1     8    23     0     1     8.0   32.550 -119.395      0.0   1018.5
     1     1    25     1     9     0     0     0     9.0   32.390 -119.298      0.0   1018.2
     1     1    25     1     9     1     0     1    10.0   32.205 -119.194      0.0   1018.0
     1     1    25     1     9     2     0     2    11.0   31.997 -119.107      0.8   1017.9
     1     1    25     1     9     3     0     3    12.0   31.786 -119.035      2.0   1017.7
     1     1    25     1     9     4     0     2    13.0   31.578 -118.965      3.8   1017.5
     1     1    25     1     9     5     0     1    14.0   31.374 -118.893      5.8   1017.3
     1     1    25     1     9     6     0     0    15.0   31.177 -118.825      7.7   1017.1
     1     1    25     1     9     7     0     1    16.0   30.988 -118.756      9.0   1016.9
     1     1    25     1     9     8     0     2    17.0   30.804 -118.671      9.7   1016.6
     1     1    25     1     9     9     0     3    18.0   30.625 -118.567     10.0   1016.3
     1     1    25     1     9    10     0     2    19.0   30.445 -118.457     10.4   1016.5
     1     1    25     1     9    11     0     1    20.0   30.261 -118.348     10.9   1016.4
     1     1    25     1     9    12     0     0    21.0   30.077 -118.241     11.6   1016.0
     1     1    25     1     9    13     0     1    22.0   29.893 -118.133     12.5   1016.3
     1     1    25     1     9    14     0     2    23.0   29.710 -118.024     12.8   1016.9
     1     1    25     1     9    15     0     3    24.0   29.525 -117.921     12.1   1017.9
