     1     1
    GDAS    25     1     8     0     0
     1 FORWARD  OMEGA   
    25     1     8    19   34.030 -118.330   500.0
     1 PRESSURE
     1     1    25     1     8    19     0     1     0.0   34.030 -118.330    500.0    953.2
     1     1    25     1     8    20     0     2     1.0   33.774 -118.555    142.2    998.3
     1     1    25     1     8    21     0     3     2.0   33.540 -118.731      0.0   1013.3
     1     1    25     1     8    22     0     2     3.0   33.370 -118.797      0.0   1014.8
     1     1    25     1     8    23     0     1     4.0   33.252 -118.767      0.0   1015.4
     1     1    25     1     9     0     0     0     5.0   33.178 -118.651      0.0   1015.3
     1     1    25     1     9     1     0     1     6.0   33.116 -118.480      0.0   1015.6
     1     1    25     1     9     2     0     2     7.0   33.046 -118.274      0.0   1016.4
     1     1    25     1     9     3     0     3     8.0   32.976 -118.031      0.0   1017.6
     1     1    25     1     9     4     0     2     9.0   32.915 -117.828      0.0   1011.8
     1     1    25     1     9     5     0     1    10.0   32.860 -117.708      0.0   1008.3
     1     1    25     1     9     6     0     0    11.0   32.807 -117.646      0.0   1006.9
     1     1    25     1     9     7     0     1    12.0   32.755 -117.621      0.0   1006.6
     1     1    25     1     9     8     0     2    13.0   32.704 -117.622      0.0   1007.1
     1     1    25     1     9     9     0     3    14.0   32.651 -117.642      0.0   1008.0
     1     1    25     1     9    10     0     2    15.0   32.595 -117.659      0.0   1008.7
     1     1    25     1     9    11     0     1    16.0   32.539 -117.658      0.0   1009.0
     1     1    25     1     9    12     0     0    17.0   32.483 -117.642      0.0   1009.1
     1     1    25     1     9    13     0     1    18.0   32.428 -117.614      0.0   1010.3
     1     1    25     1     9    14     0     2    19.0   32.372 -117.579      0.3   1011.5
     1     1    25     1     9    15     0     3    20.0   32.316 -117.540      0.8   1012.9
     1     1    25     1     9    16     0     2    21.0   32.262 -117.503      1.2   1014.2
     1     1    25     1     9    17     0     1    22.0   32.216 -117.472      0.9   1015.6
     1     1    25     1     9    18     0     0    23.0   32.178 -117.446      0.0   1016.9
     1     1    25     1     9    19     0     1    24.0   32.130 -117.409      0.0   1016.5
